

TREE # 1

  0  0.0000  16742.865182  x:  0.28586   0.08999   0.13048   0.03568   0.00000   0.36805   0.15236   0.09877   0.09826   0.05782   0.06639   0.07517   0.06903   0.07167   0.15001   0.13975   0.12362   0.07704   0.08809   0.34785   0.13233   0.23666   0.47734   0.47824   0.55744   0.40869   0.49492   0.50551  
  1 99.0000  15364.701229  x:  0.39088   0.32828   0.25658   0.05337   0.01050   0.65731   0.04809   0.00000   0.05680   0.17239   0.29026   0.37417   0.07037   0.04057   0.25160   0.37848   0.36417   0.37256   0.33510   0.45246   0.31990   0.40752   0.92301   0.44601   0.53647   0.54648   0.34322   0.49539  
  2 3817.3730  15281.654740  x:  0.42329   0.40160   0.29536   0.05894   0.01396   0.74657   0.01600   0.01362   0.04410   0.20755   0.35906   0.46611   0.07078   0.03106   0.28283   0.45194   0.43820   0.46341   0.41104   0.48474   0.37765   0.46016   1.06045   0.43605   0.53001   0.58901   0.29631   0.49228  
  3 172944.7184  15203.184691  x:  0.45666   0.40124   0.27720   0.05917   0.02701   0.84043   0.11411   0.01389   0.07547   0.16470   0.32703   0.44258   0.07520   0.08856   0.25807   0.44661   0.44413   0.43581   0.38449   0.51571   0.38206   0.47797   1.16723   0.42266   0.53096   0.63033   0.21500   0.49511  
  4 963.7200  15147.632275  x:  0.47436   0.39823   0.26672   0.05485   0.00000   0.88908   0.11145   0.01390   0.07772   0.13938   0.30619   0.42480   0.06676   0.09007   0.24408   0.44124   0.44507   0.41532   0.36574   0.53229   0.38059   0.48465   1.21775   0.41647   0.53180   0.65188   0.21666   0.49828  
  5 1242.1476  15115.885614  x:  0.50493   0.39259   0.27450   0.08096   0.00000   0.96435   0.15091   0.01394   0.06850   0.11750   0.28081   0.40043   0.11516   0.08439   0.25151   0.44626   0.45001   0.37900   0.33556   0.55740   0.37270   0.49125   1.29915   0.42418   0.55255   0.67720   0.30447   0.50340  
  6 750.8813  15096.078048  x:  0.52115   0.37542   0.30010   0.09026   0.00000   0.98958   0.15425   0.01364   0.03392   0.12012   0.26525   0.37810   0.14830   0.03193   0.28420   0.45524   0.44562   0.34348   0.30895   0.56407   0.35668   0.48563   1.34767   0.45467   0.59606   0.67456   0.29409   0.50242  
  7 375.1821  15081.782186  x:  0.53935   0.35021   0.34119   0.10837   0.00000   1.00528   0.11311   0.01317   0.06893   0.13175   0.25038   0.35344   0.18094   0.02874   0.33537   0.47095   0.44105   0.30294   0.28217   0.56639   0.33471   0.47600   1.40249   0.50388   0.66453   0.66626   0.28568   0.50118  
  8 432.8817  15075.551385  x:  0.54820   0.33459   0.36034   0.09545   0.00000   1.00520   0.09087   0.01299   0.05286   0.13622   0.24395   0.34230   0.18685   0.05810   0.36052   0.47843   0.43938   0.28842   0.27565   0.56426   0.32468   0.47160   1.42742   0.53239   0.70647   0.66449   0.28858   0.50182  
  9 391.4600  15065.762892  x:  0.56284   0.30010   0.37997   0.05536   0.00000   0.97630   0.08821   0.01275   0.06559   0.13165   0.23645   0.32489   0.13422   0.05229   0.38806   0.48656   0.44183   0.29597   0.29750   0.54798   0.31821   0.47073   1.45869   0.58916   0.80268   0.68088   0.31904   0.50976  
 10 182.7595  15060.508687  x:  0.57403   0.27567   0.37839   0.08962   0.00000   0.94846   0.07557   0.01239   0.05577   0.11766   0.23215   0.31670   0.10043   0.05566   0.38851   0.48469   0.44464   0.30726   0.31401   0.53136   0.32075   0.47441   1.47379   0.62650   0.87731   0.70941   0.32917   0.51862  
 11 223.2331  15060.205881  x:  0.57502   0.27428   0.37772   0.09068   0.00363   0.94647   0.07456   0.01237   0.05548   0.11643   0.23204   0.31647   0.10008   0.05564   0.38764   0.48436   0.44508   0.30806   0.31485   0.52993   0.32121   0.47480   1.47460   0.62911   0.88316   0.71244   0.32959   0.51941  
 12 284.5006  15054.082402  x:  0.59706   0.25569   0.35393   0.08335   0.00497   0.90823   0.05148   0.01215   0.05832   0.08934   0.23419   0.31937   0.13477   0.04998   0.35290   0.47391   0.45813   0.32328   0.32454   0.49814   0.33526   0.48451   1.48296   0.67622   1.00222   0.78861   0.33149   0.53756  
 13 261.7226  15043.643825  x:  0.67222   0.26959   0.33112   0.08085   0.00136   0.90152   0.08033   0.01265   0.06046   0.10958   0.25959   0.35044   0.11913   0.05552   0.28321   0.46528   0.49628   0.29514   0.27170   0.42809   0.33573   0.47904   1.49721   0.78018   1.28354   0.97357   0.33577   0.57460  
 14 157.6437  15039.686686  x:  0.70861   0.28237   0.31833   0.08119   0.00000   0.94685   0.08916   0.01285   0.06114   0.10710   0.23916   0.34392   0.12272   0.05790   0.29578   0.44855   0.48540   0.31431   0.29314   0.39107   0.32454   0.46961   1.47715   0.80302   1.37586   1.02748   0.33112   0.58346  
 15 92.9182  15037.847344  x:  0.75579   0.29596   0.31976   0.07985   0.00000   0.97141   0.08586   0.01278   0.06144   0.11051   0.24768   0.33234   0.11918   0.05839   0.30481   0.45924   0.44812   0.30664   0.29139   0.34395   0.35284   0.49440   1.44657   0.78948   1.42205   1.05108   0.33093   0.59001  
 16 45.6355  15034.006758  x:  0.90627   0.34709   0.32995   0.07928   0.00000   0.97481   0.07321   0.01260   0.06129   0.09505   0.25802   0.34765   0.11440   0.05624   0.28861   0.48878   0.39370   0.30017   0.29234   0.19636   0.32134   0.46732   1.43449   0.72305   1.48214   1.06262   0.33375   0.59648  
 17 48.5803  15033.888576  x:  0.91205   0.34862   0.33023   0.07927   0.00209   0.97473   0.07295   0.01260   0.06129   0.09458   0.25802   0.34799   0.11428   0.05620   0.28822   0.48939   0.39224   0.29999   0.29234   0.19088   0.32067   0.46674   1.43450   0.72089   1.48412   1.06268   0.33384   0.59687  
 18 362.9698  15026.463384  x:  1.12692   0.37799   0.33268   0.07902   0.00139   0.95871   0.07713   0.01268   0.06142   0.08770   0.23203   0.34489   0.11414   0.05694   0.28866   0.47586   0.38159   0.29786   0.28943   0.00000   0.33171   0.47467   1.46443   0.66696   1.53509   1.03982   0.33619   0.62099  
 19 175.6459  15026.463384  x:  1.12692   0.37799   0.33268   0.07902   0.00139   0.95871   0.07713   0.01268   0.06142   0.08770   0.23203   0.34489   0.11414   0.05694   0.28866   0.47586   0.38159   0.29786   0.28943   0.00000   0.33171   0.47467   1.46443   0.66696   1.53509   1.03982   0.33619   0.62099  
 20 310.4599  15010.780320  x:  1.12949   0.37553   0.32812   0.07272   0.00000   0.96581   0.06516   0.02947   0.05902   0.08207   0.22734   0.34023   0.10405   0.05221   0.28408   0.47246   0.38152   0.29440   0.28603   0.00213   0.33135   0.47549   1.47162   0.66571   1.53326   1.04285   0.32686   0.62176  
 21 701.6757  14978.018338  x:  1.14150   0.36489   0.30831   0.04669   0.02047   0.99849   0.01789   0.01981   0.05309   0.05820   0.20726   0.31992   0.06363   0.03849   0.26435   0.45774   0.38178   0.27937   0.27128   0.01216   0.32973   0.47922   1.50383   0.65977   1.52476   1.05688   0.29206   0.62536  
 22 1289.0833  14954.027332  x:  1.16902   0.34599   0.27553   0.04686   0.02745   1.06938   0.03611   0.02140   0.07527   0.02518   0.17597   0.28414   0.04408   0.07984   0.23143   0.43215   0.38649   0.25352   0.24603   0.03639   0.32655   0.48688   1.56946   0.64539   1.50533   1.08844   0.27791   0.63358  
 23 533.8911  14940.459201  x:  1.18710   0.33566   0.26247   0.04927   0.00579   1.11461   0.02598   0.01437   0.07688   0.02316   0.16567   0.26741   0.05158   0.08515   0.21826   0.41991   0.39165   0.24177   0.23447   0.05238   0.32437   0.49140   1.61103   0.63568   1.49209   1.10947   0.29039   0.63914  
 24 762.9493  14916.928401  x:  1.23603   0.30977   0.24106   0.04976   0.02501   1.23582   0.03004   0.02034   0.06033   0.05029   0.15577   0.23448   0.07675   0.05848   0.19855   0.39398   0.40846   0.21969   0.21244   0.09474   0.31772   0.50278   1.72462   0.60944   1.45485   1.16751   0.33393   0.65460  
 25 1042.5666  14896.077774  x:  1.28406   0.28194   0.24449   0.07124   0.01067   1.35758   0.04819   0.01307   0.06807   0.10045   0.18411   0.24412   0.06233   0.03690   0.22563   0.38342   0.42809   0.23067   0.22228   0.13060   0.30682   0.51143   1.85586   0.58774   1.41159   1.22995   0.29705   0.67130  
 26 512.0042  14886.316186  x:  1.30998   0.26836   0.25148   0.05821   0.01638   1.42248   0.03702   0.01578   0.05780   0.12012   0.20365   0.26427   0.07188   0.06706   0.24858   0.38528   0.44106   0.24730   0.23827   0.14735   0.30010   0.51473   1.93087   0.57902   1.38517   1.26606   0.28122   0.68104  
 27 667.8929  14882.052245  x:  1.32159   0.26609   0.25792   0.05005   0.01922   1.44941   0.03241   0.01813   0.07386   0.09889   0.20743   0.28818   0.06286   0.06532   0.25892   0.39831   0.45099   0.26485   0.25589   0.14950   0.29698   0.51378   1.97047   0.58245   1.36758   1.28662   0.29981   0.68680  
 28 212.1045  14879.629401  x:  1.32715   0.26615   0.26543   0.04957   0.01667   1.46061   0.03988   0.01642   0.06288   0.07054   0.20321   0.30329   0.07375   0.05569   0.25809   0.41341   0.45792   0.27348   0.26458   0.14369   0.29570   0.51143   1.99969   0.59199   1.35273   1.30189   0.29551   0.69117  
 29 163.1076  14878.799995  x:  1.32878   0.26806   0.27513   0.06178   0.02072   1.46082   0.03451   0.01762   0.06240   0.06473   0.20126   0.30569   0.07647   0.05621   0.25406   0.42413   0.46175   0.27277   0.26365   0.13589   0.29652   0.50948   2.01423   0.60067   1.34330   1.31084   0.29463   0.69391  
 30 99.4754  14877.385732  x:  1.33125   0.27401   0.29877   0.05767   0.01802   1.45390   0.03742   0.01670   0.05863   0.06662   0.19923   0.30261   0.06862   0.05937   0.24447   0.44646   0.46957   0.26529   0.25532   0.11310   0.30055   0.50468   2.04362   0.62269   1.32086   1.33176   0.29824   0.70062  
 31 110.0480  14876.875410  x:  1.33302   0.27543   0.30079   0.05225   0.01849   1.44635   0.03685   0.01702   0.06724   0.06786   0.19958   0.29900   0.07524   0.05728   0.24524   0.44904   0.47094   0.26264   0.25235   0.09890   0.30328   0.50249   2.05607   0.63298   1.30899   1.34349   0.29585   0.70468  
 32 75.3531  14875.303176  x:  1.34513   0.27687   0.28017   0.05568   0.01836   1.40946   0.03705   0.01681   0.06282   0.06827   0.20482   0.28712   0.07258   0.05854   0.26248   0.43416   0.46929   0.26210   0.25178   0.04055   0.31414   0.49520   2.09448   0.66676   1.26217   1.39279   0.30337   0.72262  
 33 79.4708  14874.677088  x:  1.37165   0.27773   0.27725   0.05559   0.01788   1.39057   0.03743   0.01660   0.06349   0.07744   0.19715   0.29655   0.07221   0.05881   0.24519   0.42231   0.46278   0.26786   0.26104   0.01480   0.31102   0.49375   2.09766   0.67209   1.23988   1.42431   0.30275   0.73540  
 34 36.9833  14874.118650  x:  1.40004   0.27893   0.27850   0.05548   0.01782   1.38219   0.03743   0.01663   0.06352   0.07549   0.20050   0.30183   0.07210   0.05867   0.24529   0.42157   0.45715   0.26278   0.25698   0.00000   0.30853   0.49609   2.09095   0.67162   1.22819   1.44635   0.30226   0.74449  
 35 42.1980  14874.118650  x:  1.40004   0.27893   0.27850   0.05548   0.01782   1.38219   0.03743   0.01663   0.06352   0.07549   0.20050   0.30183   0.07210   0.05867   0.24529   0.42157   0.45715   0.26278   0.25698   0.00000   0.30853   0.49609   2.09095   0.67162   1.22819   1.44635   0.30226   0.74449  
 36 69.1451  14871.322820  x:  1.40084   0.27851   0.27735   0.05416   0.00979   1.38325   0.03126   0.02849   0.06256   0.07343   0.19916   0.30015   0.06920   0.05613   0.24423   0.42095   0.45694   0.26175   0.25588   0.00015   0.30853   0.49634   2.09146   0.67141   1.22820   1.44671   0.29920   0.74458  
 37 351.6984  14870.570161  x:  1.40270   0.27770   0.27495   0.05158   0.00685   1.38568   0.02914   0.02502   0.06166   0.06928   0.19645   0.29666   0.06486   0.05276   0.24214   0.41973   0.45658   0.25963   0.25362   0.00058   0.30852   0.49689   2.09252   0.67091   1.22822   1.44755   0.29435   0.74478  
 38 129.8461  14870.000998  x:  1.40536   0.27671   0.27199   0.04954   0.01003   1.38914   0.03095   0.02626   0.06128   0.06422   0.19310   0.29213   0.06112   0.05039   0.23954   0.41824   0.45621   0.25694   0.25072   0.00126   0.30852   0.49765   2.09392   0.67018   1.22822   1.44876   0.28961   0.74506  
 39 202.2153  14869.322949  x:  1.41280   0.27497   0.26674   0.05165   0.00969   1.39876   0.03042   0.02622   0.06390   0.05593   0.18715   0.28245   0.06422   0.05639   0.23494   0.41557   0.45604   0.25155   0.24477   0.00353   0.30854   0.49954   2.09720   0.66807   1.22811   1.45218   0.28885   0.74584  
 40 101.0661  14868.844393  x:  1.42398   0.27374   0.26482   0.05143   0.00927   1.41311   0.03097   0.02627   0.06164   0.05611   0.18510   0.27403   0.06416   0.05275   0.23357   0.41435   0.45703   0.24790   0.24031   0.00674   0.30829   0.50185   2.10170   0.66502   1.22798   1.45741   0.29742   0.74698  
 41 71.3297  14867.830690  x:  1.45960   0.26946   0.26647   0.05332   0.00933   1.45867   0.03117   0.02617   0.06156   0.07216   0.18876   0.26187   0.06605   0.05252   0.23905   0.41362   0.46042   0.24566   0.23580   0.01265   0.30554   0.50771   2.11836   0.65673   1.22866   1.47434   0.28760   0.75051  
 42 76.3066  14867.063434  x:  1.49198   0.26591   0.26440   0.04668   0.01154   1.49906   0.02783   0.02625   0.06271   0.06859   0.19083   0.26937   0.06201   0.05793   0.24443   0.41360   0.46407   0.25210   0.24192   0.01378   0.30186   0.51067   2.13434   0.65130   1.22978   1.49060   0.28650   0.75355  
 43 93.1725  14866.652567  x:  1.51067   0.26395   0.26334   0.05203   0.01040   1.52171   0.02942   0.02619   0.06532   0.06353   0.19125   0.27668   0.06171   0.05441   0.24565   0.41403   0.46623   0.25607   0.24618   0.01214   0.29963   0.51157   2.14415   0.64921   1.23081   1.50039   0.28497   0.75524  
 44 162.0215  14866.498414  x:  1.51816   0.26340   0.26404   0.05161   0.00941   1.52982   0.03104   0.02625   0.06161   0.06149   0.19087   0.28034   0.06563   0.05313   0.24382   0.41487   0.46720   0.25662   0.24718   0.00885   0.29893   0.51119   2.14867   0.64958   1.23171   1.50476   0.28344   0.75584  
 45 71.1293  14866.273577  x:  1.52641   0.26358   0.26755   0.05212   0.01053   1.53643   0.02943   0.02615   0.06137   0.06184   0.19007   0.28372   0.06530   0.05320   0.23839   0.41706   0.46859   0.25486   0.24629   0.00000   0.29896   0.50955   2.15451   0.65238   1.23369   1.51048   0.28346   0.75641  
 46 39.8712  14866.224270  x:  1.53184   0.26393   0.26928   0.05102   0.00895   1.53891   0.03171   0.02629   0.06267   0.06200   0.19002   0.28475   0.06448   0.05388   0.23654   0.41820   0.46937   0.25390   0.24574   0.00000   0.29973   0.50820   2.15855   0.65524   1.23560   1.51465   0.28376   0.75680  
 47 34.7243  14866.042516  x:  1.55743   0.26554   0.27034   0.05049   0.01004   1.54086   0.03011   0.02624   0.06357   0.05937   0.19221   0.28236   0.06608   0.05254   0.24080   0.42003   0.47167   0.25292   0.24509   0.00000   0.30668   0.50131   2.17887   0.67302   1.24826   1.53751   0.28442   0.75880  
 48 24.3913  14866.001401  x:  1.56298   0.26537   0.26980   0.05215   0.00985   1.54048   0.03045   0.02619   0.06132   0.05962   0.19191   0.28177   0.06449   0.05387   0.24116   0.41979   0.47177   0.25351   0.24548   0.00000   0.30745   0.50006   2.18362   0.67641   1.25180   1.54381   0.28470   0.75932  
 49 38.9597  14865.916035  x:  1.57307   0.26242   0.26609   0.05162   0.00999   1.53626   0.03023   0.02620   0.06212   0.06373   0.18799   0.28140   0.06517   0.05336   0.23826   0.41680   0.47011   0.25706   0.24765   0.00000   0.30479   0.49953   2.19400   0.67960   1.26248   1.56276   0.28560   0.76076  
 50 20.3697  14865.808553  x:  1.58172   0.25840   0.26452   0.05164   0.01002   1.52837   0.03018   0.02618   0.06211   0.06401   0.19150   0.28542   0.06504   0.05344   0.23862   0.41497   0.46766   0.25354   0.24379   0.00000   0.29997   0.50475   2.20550   0.67817   1.28017   1.59347   0.28649   0.76290  
 51 21.0485  14865.707221  x:  1.58426   0.26090   0.27088   0.05167   0.01004   1.52159   0.03017   0.02616   0.06205   0.06076   0.19136   0.28212   0.06503   0.05344   0.23821   0.41806   0.47049   0.25484   0.24689   0.00000   0.29817   0.51254   2.21257   0.67606   1.30071   1.62702   0.28624   0.76467  
 52 21.5654  14865.604474  x:  1.57521   0.26615   0.26867   0.05168   0.00991   1.52104   0.03034   0.02617   0.06207   0.06174   0.18612   0.28350   0.06497   0.05348   0.24229   0.42169   0.47526   0.25335   0.24480   0.00000   0.29644   0.50863   2.21160   0.68193   1.32686   1.66513   0.28565   0.76478  
 53 13.6791  14865.465818  x:  1.55776   0.26619   0.26492   0.05150   0.00970   1.52375   0.03063   0.02618   0.06228   0.06181   0.19275   0.28199   0.06496   0.05353   0.23829   0.42054   0.47502   0.25496   0.24591   0.00000   0.30178   0.50325   2.20667   0.69580   1.36355   1.71828   0.28499   0.76394  
 54 31.6965  14865.428119  x:  1.55231   0.26320   0.26850   0.05147   0.00963   1.52501   0.03073   0.02618   0.06229   0.06163   0.19039   0.28269   0.06495   0.05353   0.23995   0.41736   0.47148   0.25445   0.24619   0.00000   0.30471   0.50326   2.20480   0.70145   1.37265   1.73320   0.28507   0.76329  
 55 17.8753  14865.423684  x:  1.55149   0.26304   0.26905   0.05146   0.00961   1.52502   0.03076   0.02618   0.06230   0.06125   0.19061   0.28200   0.06494   0.05354   0.24027   0.41819   0.46981   0.25453   0.24637   0.00000   0.30255   0.50323   2.20434   0.70351   1.37176   1.73593   0.28510   0.76258  
 56  2.3848  14865.417978  x:  1.55060   0.26489   0.26812   0.05147   0.00960   1.52458   0.03078   0.02618   0.06230   0.06167   0.19042   0.28235   0.06494   0.05354   0.24016   0.41873   0.46825   0.25454   0.24631   0.00000   0.30213   0.50592   2.20327   0.70693   1.36788   1.74103   0.28492   0.76105  
 57  2.7392  14865.414316  x:  1.55029   0.26626   0.26855   0.05147   0.00960   1.52382   0.03079   0.02617   0.06230   0.06160   0.19075   0.28236   0.06495   0.05354   0.24010   0.41702   0.46843   0.25432   0.24642   0.00000   0.30192   0.50513   2.20215   0.70768   1.36362   1.74573   0.28471   0.75992  
 58  2.3898  14865.411503  x:  1.55026   0.26532   0.26847   0.05147   0.00960   1.52311   0.03079   0.02616   0.06230   0.06161   0.19058   0.28230   0.06494   0.05355   0.24019   0.41807   0.46841   0.25445   0.24635   0.00000   0.30320   0.50389   2.20090   0.70735   1.35962   1.75012   0.28454   0.75919  
 59  2.4453  14865.410836  x:  1.55076   0.26423   0.26842   0.05148   0.00961   1.52351   0.03078   0.02615   0.06230   0.06164   0.19059   0.28224   0.06493   0.05356   0.24020   0.41801   0.46976   0.25428   0.24646   0.00000   0.30285   0.50429   2.19976   0.70801   1.35906   1.75134   0.28452   0.75957  
 60  0.4235  14865.410553  x:  1.55111   0.26429   0.26853   0.05148   0.00961   1.52389   0.03077   0.02615   0.06230   0.06160   0.19059   0.28223   0.06493   0.05356   0.24018   0.41796   0.46972   0.25474   0.24597   0.00000   0.30279   0.50434   2.19925   0.70806   1.35909   1.75186   0.28451   0.75984  
 61  0.2946  14865.409658  x:  1.55222   0.26498   0.26842   0.05149   0.00965   1.52525   0.03073   0.02612   0.06230   0.06169   0.19056   0.28215   0.06492   0.05357   0.24014   0.41801   0.46874   0.25432   0.24633   0.00000   0.30280   0.50426   2.19799   0.70778   1.35949   1.75334   0.28450   0.76059  
 62  0.5067  14865.400794  x:  1.55085   0.26445   0.26831   0.05145   0.00987   1.52995   0.03063   0.02583   0.06247   0.06216   0.19048   0.28104   0.06475   0.05378   0.24021   0.41780   0.46955   0.25398   0.24577   0.00000   0.30275   0.50491   2.20467   0.70750   1.36176   1.75927   0.28478   0.75722  
 63  0.1326  14865.386014  x:  1.55537   0.26418   0.26896   0.05143   0.01026   1.52479   0.03042   0.02532   0.06267   0.06282   0.19020   0.28068   0.06449   0.05411   0.23899   0.41799   0.46932   0.25316   0.24497   0.00000   0.30260   0.50462   2.20479   0.70933   1.36595   1.76281   0.28411   0.75981  
 64  0.4372  14865.385994  x:  1.55519   0.26420   0.26895   0.05143   0.01026   1.52482   0.03043   0.02531   0.06267   0.06282   0.19020   0.28067   0.06449   0.05411   0.23900   0.41799   0.46932   0.25316   0.24497   0.00000   0.30260   0.50462   2.20498   0.70937   1.36584   1.76286   0.28412   0.76031  
 65  0.0671  14865.385891  x:  1.55521   0.26422   0.26895   0.05145   0.01030   1.52462   0.03047   0.02534   0.06264   0.06283   0.19018   0.28072   0.06454   0.05408   0.23899   0.41801   0.46933   0.25315   0.24497   0.00000   0.30255   0.50464   2.20517   0.70960   1.36657   1.76437   0.28415   0.76031  
 66  0.0016  14865.385890  x:  1.55522   0.26423   0.26895   0.05145   0.01030   1.52464   0.03047   0.02533   0.06264   0.06282   0.19018   0.28072   0.06453   0.05408   0.23899   0.41801   0.46933   0.25316   0.24497   0.00000   0.30255   0.50464   2.20518   0.70959   1.36657   1.76440   0.28414   0.76031  
 67  0.0000  14865.385890  x:  1.55522   0.26423   0.26895   0.05145   0.01030   1.52464   0.03047   0.02533   0.06264   0.06282   0.19018   0.28072   0.06453   0.05408   0.23899   0.41801   0.46933   0.25316   0.24497   0.00000   0.30255   0.50464   2.20518   0.70959   1.36657   1.76439   0.28414   0.76031  
 68  0.0000  14865.385890  x:  1.55522   0.26423   0.26895   0.05145   0.01030   1.52464   0.03047   0.02533   0.06264   0.06282   0.19018   0.28072   0.06453   0.05408   0.23899   0.41801   0.46933   0.25316   0.24497   0.00000   0.30255   0.50464   2.20518   0.70959   1.36657   1.76439   0.28414   0.76031  