

TREE # 1

  0  0.0000  15419.175938  x:  0.31965   0.09496   0.12632   0.01678   0.00000   0.44955   0.17129   0.08115   0.08269   0.05400   0.08235   0.09147   0.07528   0.04815   0.15107   0.19808   0.10773   0.10980   0.14049   0.40250   0.14186   0.23710   1.04309   0.78141   0.85098   1.14407   1.26124   0.05380   0.20543   1.59716  
  1 99.0000  15419.163071  x:  0.31966   0.09496   0.12632   0.01678   0.00000   0.44955   0.17129   0.08115   0.08269   0.05400   0.08235   0.09147   0.07528   0.04815   0.15107   0.19808   0.10773   0.10980   0.14049   0.40250   0.14186   0.23711   1.04309   0.78141   0.85098   1.14407   1.26124   0.05380   0.20543   1.59716  
  2 2762.5960  15315.305235  x:  0.32946   0.09087   0.12711   0.00000   0.00000   0.47458   0.14703   0.06076   0.07504   0.04645   0.07910   0.08417   0.07029   0.04555   0.15280   0.20507   0.10479   0.11050   0.14355   0.41059   0.15027   0.24928   1.05789   0.77951   0.85196   1.14446   1.26562   0.05038   0.15618   1.59655  
  3 2638.5130  15129.414423  x:  0.35375   0.07232   0.12613   0.01319   0.00000   0.53578   0.08467   0.01145   0.05954   0.02407   0.06570   0.05831   0.05795   0.03917   0.15447   0.21958   0.08826   0.10636   0.14780   0.43036   0.16713   0.27653   1.09529   0.77462   0.85446   1.14542   1.27708   0.04136   0.03202   1.59492  
  4 15382.6422  15082.809052  x:  0.37021   0.06538   0.12063   0.01540   0.00000   0.57209   0.02113   0.02596   0.04571   0.02698   0.06232   0.06819   0.04633   0.03296   0.14836   0.21990   0.08316   0.09544   0.14021   0.44143   0.16386   0.28387   1.12527   0.77046   0.85685   1.14589   1.28563   0.03396   0.02871   1.59292  
  5 1138.2949  15072.797772  x:  0.37949   0.06703   0.11709   0.01676   0.00000   0.59068   0.01368   0.01353   0.04494   0.02866   0.06099   0.06749   0.04532   0.03432   0.14387   0.21814   0.08567   0.09256   0.13599   0.44714   0.15928   0.28599   1.14343   0.76784   0.85843   1.14615   1.29123   0.02894   0.03857   1.59157  
  6 799.9855  15063.890777  x:  0.39202   0.06825   0.11249   0.01792   0.01398   0.61560   0.01268   0.00745   0.04398   0.03072   0.05939   0.06705   0.04425   0.03591   0.13813   0.21575   0.08801   0.08879   0.13046   0.45484   0.15292   0.28875   1.16800   0.76427   0.86058   1.14652   1.29906   0.02194   0.04649   1.58972  
  7 2850.6849  15035.645879  x:  0.43856   0.07502   0.09841   0.01975   0.00649   0.70483   0.02666   0.02096   0.05054   0.03417   0.05521   0.05372   0.05104   0.04760   0.11924   0.20588   0.09828   0.08355   0.11414   0.48286   0.12729   0.29752   1.26091   0.75056   0.86891   1.14789   1.33014  -0.00590   0.06091   1.58255  
  8 1969.8324  15023.165288  x:  0.45682   0.06431   0.09714   0.01959   0.00000   0.73265   0.03631   0.01918   0.05486   0.03530   0.06036   0.07152   0.05483   0.04493   0.11963   0.19841   0.08742   0.08504   0.11165   0.49203   0.10914   0.29494   1.30207   0.74405   0.87319   1.14842   1.34562  -0.01993   0.06299   1.57882  
  9 1058.6916  15015.714333  x:  0.46925   0.06285   0.11026   0.01916   0.00000   0.73430   0.03429   0.01947   0.05758   0.03790   0.06342   0.06284   0.05381   0.03260   0.12974   0.18932   0.08412   0.09760   0.12295   0.49402   0.08844   0.28615   1.33970   0.73717   0.87849   1.14878   1.36297  -0.03577   0.06554   1.57413  
 10 455.6449  15009.539444  x:  0.48037   0.06811   0.11623   0.01836   0.00000   0.71182   0.02908   0.01946   0.05573   0.02881   0.05887   0.06438   0.05765   0.04782   0.14098   0.18270   0.08752   0.09273   0.13106   0.48968   0.07689   0.28046   1.38541   0.72776   0.88668   1.14911   1.38802  -0.05845   0.06319   1.56678  
 11 368.2994  14996.751159  x:  0.50705   0.06988   0.11083   0.01741   0.00000   0.64871   0.03259   0.01747   0.04810   0.03848   0.06525   0.06135   0.04703   0.04144   0.14424   0.18634   0.08812   0.07279   0.12943   0.47509   0.08469   0.28867   1.49924   0.70360   0.90891   1.14991   1.45232  -0.11613   0.06003   1.54694  
 12 587.0165  14991.145723  x:  0.51734   0.06840   0.10295   0.01724   0.00000   0.61705   0.03012   0.01788   0.05082   0.03039   0.05875   0.06378   0.04811   0.03611   0.13546   0.19109   0.08887   0.08788   0.12540   0.46456   0.09523   0.29584   1.54921   0.69239   0.92024   1.15028   1.48206  -0.14276   0.06145   1.53677  
 13 750.2611  14990.466871  x:  0.51727   0.06631   0.10598   0.01691   0.00000   0.61362   0.02847   0.01761   0.05170   0.03401   0.06010   0.06289   0.05122   0.03924   0.13046   0.19267   0.08848   0.09060   0.12257   0.45981   0.09586   0.29526   1.55395   0.69078   0.92295   1.15029   1.48610  -0.14646   0.06034   1.53439  
 14 156.9406  14989.719327  x:  0.51545   0.06502   0.11272   0.01663   0.00000   0.61570   0.02914   0.01718   0.05065   0.03067   0.05937   0.06436   0.04894   0.03737   0.12340   0.19427   0.09239   0.08928   0.11837   0.44636   0.09458   0.29158   1.55764   0.68808   0.92983   1.15022   1.49182  -0.15184   0.05902   1.52841  
 15 89.3898  14986.987899  x:  0.50619   0.05696   0.10594   0.01674   0.00000   0.63648   0.02855   0.01711   0.04989   0.03059   0.06257   0.06314   0.04660   0.03887   0.12787   0.19705   0.10093   0.09087   0.12095   0.37713   0.10164   0.28128   1.56236   0.67686   0.96470   1.14995   1.51387  -0.17288   0.05884   1.49762  
 16 126.4641  14986.242371  x:  0.50845   0.06065   0.10820   0.01665   0.00000   0.64208   0.02853   0.01706   0.05059   0.03295   0.05719   0.06417   0.05130   0.03602   0.12957   0.19452   0.09793   0.08887   0.12151   0.35878   0.10679   0.28051   1.56210   0.67393   0.97555   1.15019   1.51892  -0.17785   0.05901   1.48724  
 17 166.6225  14985.255639  x:  0.52103   0.06991   0.11148   0.01681   0.00000   0.64699   0.02855   0.01733   0.05024   0.02979   0.06155   0.06356   0.04897   0.03798   0.12850   0.18996   0.08716   0.08985   0.12190   0.33782   0.11363   0.28018   1.55878   0.67066   0.99126   1.15127   1.52270  -0.18213   0.06034   1.47062  
 18 134.7373  14983.075479  x:  0.57030   0.08079   0.10308   0.01631   0.00000   0.64753   0.02856   0.01635   0.04956   0.03526   0.05798   0.06570   0.04361   0.03845   0.12388   0.18988   0.08223   0.09307   0.12061   0.30064   0.10874   0.27000   1.54573   0.66545   1.02708   1.15591   1.52330  -0.18584   0.05525   1.42813  
 19 135.7090  14978.475947  x:  0.68780   0.07808   0.10197   0.01667   0.00000   0.64684   0.02713   0.01648   0.04636   0.02867   0.06606   0.06410   0.05693   0.03256   0.12554   0.20121   0.08804   0.09010   0.12130   0.22545   0.10891   0.26418   1.51645   0.65628   1.10330   1.16803   1.51807  -0.18888   0.05584   1.33289  
 20 472.4783  14974.314069  x:  0.79287   0.06178   0.11354   0.01679   0.00000   0.64795   0.02940   0.01725   0.05081   0.03024   0.05885   0.06474   0.04820   0.03879   0.13228   0.20724   0.09499   0.09143   0.12445   0.15997   0.11520   0.27021   1.49465   0.64956   1.16878   1.18007   1.51041  -0.18947   0.06051   1.24758  
 21 914.1153  14972.708776  x:  0.82090   0.05586   0.11254   0.01679   0.00000   0.64501   0.02938   0.01677   0.04860   0.03147   0.06123   0.06519   0.04843   0.03812   0.12950   0.18697   0.10339   0.09251   0.12320   0.13325   0.11244   0.28222   1.49589   0.65266   1.18483   1.18781   1.49755  -0.18293   0.05750   1.21588  
 22 135.8124  14969.487076  x:  0.85142   0.06186   0.11198   0.01620   0.00000   0.64061   0.02773   0.01728   0.06102   0.03080   0.06314   0.06567   0.04824   0.03726   0.13013   0.19483   0.10083   0.08951   0.12389   0.07887   0.09448   0.30695   1.52192   0.67112   1.19837   1.21069   1.45147  -0.15756   0.05505   1.15235  
 23 112.5976  14967.323984  x:  0.86933   0.06374   0.11300   0.01736   0.00000   0.64032   0.03087   0.01728   0.04821   0.03185   0.06054   0.06607   0.04961   0.03888   0.13096   0.20214   0.09669   0.09306   0.12556   0.04771   0.08673   0.31737   1.54238   0.68376   1.20518   1.22628   1.42114  -0.14158   0.05586   1.11131  
 24 485.9873  14960.183772  x:  0.90010   0.06236   0.11543   0.01772   0.00000   0.64242   0.03167   0.01760   0.05020   0.03203   0.06204   0.06680   0.05000   0.03958   0.13459   0.20180   0.10081   0.09477   0.12414   0.00488   0.12136   0.27314   1.59999   0.72262   1.20985   1.27376   1.33982  -0.10691   0.05296   1.00000  
 25 147.9822  14960.183772  x:  0.90010   0.06236   0.11543   0.01772   0.00000   0.64242   0.03167   0.01760   0.05020   0.03203   0.06204   0.06680   0.05000   0.03958   0.13459   0.20180   0.10081   0.09477   0.12414   0.00488   0.12136   0.27314   1.59999   0.72262   1.20985   1.27376   1.33982  -0.10691   0.05296   1.00000  
 26 82.7941  14767.456697  x:  0.90978   0.13971   0.15161   0.05982   0.00000   0.66488   0.01891   0.01807   0.04648   0.07472   0.11327   0.15566   0.04394   0.03298   0.15612   0.22754   0.18484   0.14355   0.15285   0.01967   0.15338   0.30303   1.60743   0.72184   1.20895   1.27424   1.34258  -0.10942   0.02439   1.00038  
 27 2364.1581  14677.968009  x:  0.91999   0.19642   0.17644   0.06953   0.00000   0.69025   0.02604   0.01631   0.03518   0.09676   0.14550   0.21497   0.04014   0.02924   0.16991   0.24866   0.24877   0.17956   0.17410   0.04055   0.18352   0.33220   1.61707   0.72104   1.20809   1.27454   1.33992  -0.10710   0.11438   1.00144  
 28 3468.1280  14644.114261  x:  0.93714   0.21432   0.18513   0.03152   0.00000   0.73522   0.05799   0.03237   0.03969   0.08225   0.14512   0.21848   0.07061   0.06274   0.17498   0.26940   0.27487   0.19340   0.18584   0.06605   0.21365   0.36577   1.63279   0.71972   1.20659   1.27539   1.33430  -0.10221   0.11574   1.00365  
 29 865.7248  14611.351020  x:  0.96054   0.22173   0.19043   0.01301   0.00000   0.79699   0.04842   0.00930   0.06213   0.05491   0.13550   0.20542   0.07001   0.05982   0.17851   0.29306   0.29283   0.20070   0.19475   0.10013   0.24446   0.40362   1.65535   0.71773   1.20451   1.27664   1.32361  -0.09302   0.11443   1.00731  
 30 944.0086  14574.083095  x:  1.00221   0.22667   0.19880   0.02371   0.00000   0.90728   0.02947   0.03237   0.09549   0.00613   0.11581   0.17538   0.06222   0.04754   0.18358   0.33259   0.31661   0.20794   0.20682   0.16107   0.29335   0.46653   1.69687   0.71392   1.20080   1.27889   1.30276  -0.07523   0.11732   1.01435  
 31 2706.3015  14539.652182  x:  1.05222   0.20195   0.22491   0.05158   0.00000   1.04068   0.05771   0.01864   0.04266   0.02213   0.11787   0.14226   0.04616   0.03419   0.19719   0.36928   0.31618   0.19303   0.20357   0.23476   0.31446   0.51306   1.75680   0.70721   1.19644   1.28189   1.26652  -0.04537   0.10912   1.02647  
 32 715.6810  14525.073939  x:  1.07542   0.18286   0.23347   0.05252   0.00000   1.10230   0.03138   0.01920   0.02395   0.03533   0.12585   0.14835   0.05550   0.04845   0.20557   0.37783   0.30984   0.18369   0.19918   0.26988   0.30713   0.52159   1.79031   0.70313   1.19435   1.28340   1.24295  -0.02641   0.11075   1.03422  
 33 756.0994  14504.345855  x:  1.12119   0.13798   0.24654   0.05334   0.00000   1.22334   0.03277   0.02168   0.06163   0.07346   0.14953   0.18597   0.06286   0.05561   0.22306   0.38097   0.29275   0.16752   0.18978   0.34132   0.26496   0.51756   1.86700   0.69345   1.19022   1.28651   1.18512   0.01952   0.11493   1.05332  
 34 882.9290  14492.234031  x:  1.14406   0.12489   0.24008   0.03035   0.00000   1.28206   0.03391   0.03412   0.05637   0.07431   0.15243   0.21071   0.05133   0.03716   0.22418   0.37063   0.29476   0.17804   0.19634   0.37896   0.22828   0.50424   1.91410   0.68776   1.18831   1.28806   1.14601   0.05046   0.10937   1.06608  
 35 658.5516  14477.906014  x:  1.17203   0.12173   0.21726   0.04685   0.00000   1.35154   0.04498   0.02399   0.04839   0.05423   0.14117   0.23158   0.05895   0.04463   0.21175   0.34296   0.31125   0.20684   0.21352   0.42901   0.16738   0.47702   1.98547   0.67979   1.18668   1.28959   1.08321   0.09994   0.10518   1.08658  
 36 676.9771  14472.379223  x:  1.17666   0.14313   0.21667   0.04103   0.00000   1.35727   0.03995   0.02778   0.05577   0.07596   0.14229   0.20169   0.05584   0.04999   0.19646   0.32353   0.33781   0.20615   0.20812   0.44937   0.15088   0.46968   2.03567   0.67700   1.18978   1.28765   1.03499   0.13711   0.10262   1.10368  
 37 180.8767  14467.588183  x:  1.16967   0.14823   0.20601   0.04264   0.00000   1.32989   0.04140   0.02703   0.05393   0.07187   0.15120   0.20163   0.07426   0.03494   0.20575   0.31122   0.34716   0.19322   0.19542   0.46537   0.16687   0.48201   2.10591   0.67641   1.19891   1.28142   0.96833   0.18677   0.09771   1.13042  
 38 152.8949  14463.539854  x:  1.15966   0.14423   0.20226   0.04334   0.00000   1.29711   0.04378   0.02677   0.05344   0.06545   0.15524   0.20695   0.05498   0.04999   0.21695   0.31160   0.34659   0.19059   0.19450   0.47834   0.18433   0.49473   2.17412   0.67703   1.21002   1.27386   0.90636   0.23145   0.09309   1.15762  
 39 344.9163  14460.676336  x:  1.14730   0.13293   0.22074   0.04345   0.00000   1.26587   0.04164   0.02708   0.05568   0.07135   0.14680   0.20301   0.06071   0.04738   0.21740   0.33611   0.33640   0.20927   0.21617   0.48736   0.19034   0.49888   2.23332   0.67926   1.22463   1.26422   0.86121   0.25980   0.09147   1.18397  
 40 175.6757  14459.805144  x:  1.13831   0.14090   0.22938   0.04309   0.00000   1.25882   0.04257   0.02675   0.05472   0.06249   0.14315   0.20653   0.06043   0.04742   0.21372   0.35723   0.33831   0.19793   0.21040   0.49303   0.18147   0.49285   2.26279   0.68209   1.24300   1.25342   0.85643   0.25192   0.09081   1.20402  
 41 45.2639  14457.456968  x:  1.09892   0.15278   0.21705   0.04264   0.00000   1.25534   0.04161   0.02680   0.05509   0.06163   0.15507   0.19692   0.06014   0.04749   0.22454   0.35331   0.32705   0.20518   0.21117   0.51806   0.17808   0.49323   2.36895   0.68825   1.33207   1.20553   0.87121   0.18032   0.09108   1.29502  
 42 51.8647  14456.641731  x:  1.08261   0.15283   0.22109   0.04283   0.00000   1.25618   0.04149   0.02658   0.05447   0.06662   0.14095   0.20590   0.05945   0.04716   0.21200   0.34076   0.32461   0.20241   0.20977   0.52729   0.18483   0.49893   2.40104   0.68314   1.36508   1.19191   0.87379   0.15434   0.09050   1.33240  
 43 93.6991  14455.908674  x:  1.05710   0.14089   0.22762   0.04284   0.00000   1.26016   0.04168   0.02635   0.05415   0.05971   0.15318   0.20480   0.05913   0.04713   0.20065   0.33811   0.33389   0.20051   0.21329   0.53617   0.18756   0.49995   2.40444   0.64651   1.40029   1.19620   0.86043   0.13116   0.08989   1.38934  
 44 29.0650  14455.227241  x:  1.03219   0.13391   0.22715   0.04265   0.00000   1.26497   0.04135   0.02644   0.05439   0.06178   0.14323   0.20313   0.05931   0.04726   0.21438   0.34042   0.34663   0.20079   0.21150   0.54573   0.18736   0.49813   2.39889   0.61317   1.43414   1.20306   0.84293   0.11000   0.08946   1.44910  
 45 82.1576  14454.624999  x:  1.01434   0.13407   0.21140   0.04291   0.00000   1.27238   0.04134   0.02666   0.05463   0.06890   0.14224   0.20518   0.05938   0.04727   0.20702   0.35185   0.34597   0.20565   0.20653   0.56062   0.19125   0.49848   2.37423   0.62027   1.46447   1.20910   0.81465   0.09430   0.08841   1.51599  
 46 31.3667  14453.500626  x:  0.98579   0.14381   0.22533   0.04295   0.00000   1.28622   0.04162   0.02660   0.05471   0.06295   0.14431   0.20406   0.05988   0.04740   0.21377   0.34452   0.33824   0.20367   0.21232   0.59211   0.19188   0.49844   2.31915   0.65770   1.51856   1.22262   0.75613   0.06390   0.08649   1.65096  
 47 81.0639  14452.522473  x:  1.00667   0.16068   0.22108   0.04301   0.00000   1.27209   0.04153   0.02655   0.05462   0.06472   0.14374   0.20492   0.05985   0.04723   0.21363   0.34611   0.32354   0.19853   0.21939   0.59786   0.15951   0.54668   2.32046   0.67737   1.49024   1.30431   0.73418   0.01062   0.08715   1.77715  
 48 12.5546  14452.150813  x:  1.01863   0.15775   0.22746   0.04298   0.00000   1.27014   0.04153   0.02640   0.05449   0.06158   0.14425   0.20424   0.05976   0.04738   0.21346   0.34572   0.32519   0.21033   0.20393   0.59303   0.16037   0.54735   2.32597   0.68838   1.47522   1.33303   0.72869  -0.00837   0.08757   1.82213  
 49 33.1905  14451.147685  x:  1.05850   0.13961   0.22475   0.04310   0.00000   1.27533   0.04147   0.02627   0.05430   0.06162   0.14313   0.20314   0.05953   0.04750   0.21442   0.34831   0.35009   0.20270   0.21328   0.56125   0.18843   0.51583   2.34846   0.72506   1.43059   1.40205   0.71795  -0.05588   0.08976   1.94022  
 50 42.3120  14449.567436  x:  1.12124   0.16660   0.22785   0.04349   0.00000   1.33588   0.04197   0.02611   0.05432   0.05918   0.14404   0.20422   0.05950   0.04768   0.21648   0.35419   0.33252   0.20533   0.21589   0.40497   0.20283   0.51556   2.37115   0.73268   1.41329   1.42553   0.69374  -0.06110   0.09661   2.07172  
 51 14.2098  14445.032069  x:  1.54502   0.15738   0.23425   0.04422   0.00000   1.34133   0.04261   0.02568   0.05446   0.05434   0.14552   0.20643   0.05954   0.04814   0.21934   0.36557   0.36142   0.21182   0.21915   0.16314   0.20451   0.54865   2.36056   0.69765   1.47421   1.34075   0.68569  -0.03433   0.10787   2.38097  
 52 23.7860  14433.676329  x:  1.50843   0.26874   0.24133   0.04540   0.00000   1.42382   0.03978   0.02433   0.05567   0.04366   0.15088   0.21614   0.06083   0.04923   0.22216   0.38944   0.29130   0.22591   0.23261   0.40627   0.26159   0.52433   2.37495   0.55548   1.23042   1.07517   1.06000   0.39654   0.09932   2.68000  
 53  5.7974  14424.088077  x:  1.38039   0.18230   0.24711   0.04593   0.00000   1.51046   0.03716   0.02331   0.05623   0.03507   0.15429   0.21865   0.06175   0.04944   0.22783   0.40383   0.42104   0.23338   0.23285   0.52081   0.19466   0.64698   2.39291   0.57698   1.08079   0.86044   1.34886   0.73676   0.09395   2.86734  
 54 88.3431  14414.776489  x:  1.28849   0.16186   0.25598   0.04654   0.00000   1.61313   0.03448   0.02254   0.05782   0.02699   0.15576   0.22769   0.06321   0.04981   0.23462   0.41852   0.48638   0.24429   0.23982   0.68557   0.20339   0.67458   2.51235   0.69867   1.61092   1.35533   1.55721   1.06207   0.08652   2.59956  
 55 14.2178  14414.747092  x:  1.28816   0.16179   0.25601   0.04654   0.00161   1.61350   0.03447   0.02254   0.05782   0.02696   0.15577   0.22773   0.06322   0.04981   0.23464   0.41857   0.48661   0.24433   0.23985   0.68617   0.20342   0.67468   2.51277   0.69907   1.61271   1.35699   1.55772   1.06299   0.08650   2.59849  
 56 75.7803  14404.322444  x:  1.17098   0.16480   0.26166   0.04671   0.00229   1.69723   0.03435   0.02227   0.05840   0.02513   0.16075   0.23595   0.06369   0.04956   0.23629   0.43156   0.51889   0.25277   0.24470   0.88423   0.21939   0.70274   2.58830   0.64523   1.61864   1.26534   0.60473   0.18255   0.07530   1.78000  
 57  7.4367  14400.813587  x:  1.19969   0.17194   0.26745   0.04627   0.00000   1.74428   0.03765   0.02354   0.05968   0.03517   0.16539   0.24362   0.06463   0.05016   0.23906   0.43558   0.52992   0.25570   0.24686   0.88679   0.22596   0.70785   2.61015   0.64308   1.57635   1.26392   0.59043   0.17914   0.07435   1.85692  
 58  0.2344  14395.138789  x:  1.42998   0.19359   0.29002   0.04840   0.00000   1.91436   0.05020   0.02527   0.06215   0.05080   0.18566   0.28457   0.06758   0.05253   0.24968   0.44678   0.58874   0.26886   0.25322   0.75619   0.24818   0.70867   2.67598   0.63286   1.41746   1.24444   0.56233   0.20217   0.07164   2.14866  
 59  0.3466  14391.708128  x:  1.73029   0.19267   0.29271   0.04970   0.00000   1.95813   0.03558   0.02587   0.06472   0.05988   0.19000   0.30336   0.06765   0.05308   0.24814   0.44429   0.63255   0.27501   0.25361   0.45076   0.25859   0.68032   2.67306   0.62803   1.49084   1.23282   0.38589   0.07373   0.07085   2.02637  
 60  0.1843  14391.609542  x:  1.76648   0.19256   0.29304   0.04985   0.00399   1.96340   0.03382   0.02595   0.06503   0.06098   0.19052   0.30562   0.06766   0.05315   0.24796   0.44399   0.63783   0.27575   0.25366   0.41396   0.25985   0.67691   2.67271   0.62744   1.49967   1.23142   0.36464   0.05826   0.07075   2.01165  
 61 785.3207  14390.219718  x:  1.88389   0.18991   0.28888   0.05093   0.00141   1.91675   0.03514   0.02562   0.06266   0.05824   0.18929   0.30333   0.06675   0.05274   0.24530   0.44043   0.64255   0.27488   0.25073   0.25613   0.25392   0.66120   2.64565   0.63894   1.47599   1.24000   0.50052   0.19837   0.06619   2.14433  
 62  0.2315  14389.941452  x:  1.86709   0.18951   0.28809   0.05116   0.00000   1.90258   0.03749   0.02549   0.06204   0.05632   0.18867   0.30061   0.06674   0.05268   0.24527   0.44066   0.63892   0.27434   0.25038   0.27342   0.25353   0.66226   2.64170   0.63932   1.47078   1.23928   0.49194   0.18566   0.06533   2.14075  
 63  0.1231  14389.941452  x:  1.86709   0.18951   0.28809   0.05116   0.00000   1.90258   0.03749   0.02549   0.06204   0.05632   0.18867   0.30061   0.06674   0.05268   0.24527   0.44066   0.63892   0.27434   0.25038   0.27342   0.25353   0.66226   2.64170   0.63932   1.47078   1.23928   0.49194   0.18566   0.06533   2.14075  
 64  0.1658  14389.858336  x:  1.86716   0.18938   0.28794   0.05167   0.00041   1.90239   0.04007   0.02601   0.06219   0.05574   0.18851   0.30025   0.06697   0.05279   0.24528   0.44071   0.63880   0.27439   0.25041   0.27350   0.25374   0.66238   2.64170   0.63929   1.47078   1.23930   0.49187   0.18565   0.06456   2.14077  
 65 56.6544  14389.840180  x:  1.86719   0.18933   0.28788   0.05179   0.00000   1.90231   0.04040   0.02598   0.06220   0.05552   0.18846   0.30012   0.06703   0.05281   0.24528   0.44073   0.63876   0.27441   0.25042   0.27353   0.25381   0.66242   2.64170   0.63927   1.47078   1.23931   0.49183   0.18566   0.06458   2.14077  
 66 41.9925  14389.830900  x:  1.86728   0.18916   0.28773   0.05208   0.00000   1.90207   0.04148   0.02595   0.06217   0.05487   0.18829   0.29968   0.06717   0.05283   0.24530   0.44080   0.63861   0.27447   0.25046   0.27363   0.25406   0.66256   2.64169   0.63923   1.47078   1.23933   0.49170   0.18568   0.06462   2.14080  
 67 710.0308  14389.803438  x:  1.86783   0.18833   0.28741   0.05111   0.00000   1.90062   0.04133   0.02616   0.06093   0.05232   0.18777   0.29756   0.06676   0.05227   0.24562   0.44136   0.63790   0.27476   0.25061   0.27419   0.25539   0.66331   2.64163   0.63898   1.47081   1.23948   0.49096   0.18577   0.06459   2.14093  
 68 13.3071  14389.795894  x:  1.86817   0.18792   0.28765   0.05109   0.00000   1.89969   0.04126   0.02624   0.06132   0.05181   0.18780   0.29664   0.06661   0.05240   0.24595   0.44176   0.63755   0.27487   0.25065   0.27450   0.25607   0.66367   2.64157   0.63884   1.47084   1.23956   0.49064   0.18569   0.06394   2.14103  
 69 14.9904  14389.780125  x:  1.86906   0.18696   0.28877   0.05064   0.00000   1.89722   0.04121   0.02667   0.06250   0.05175   0.18825   0.29481   0.06608   0.05280   0.24690   0.44283   0.63677   0.27504   0.25062   0.27528   0.25759   0.66446   2.64138   0.63845   1.47093   1.23978   0.48981   0.18539   0.06446   2.14128  
 70 24.6631  14389.772280  x:  1.86963   0.18646   0.28953   0.05029   0.00000   1.89563   0.04135   0.02596   0.06245   0.05215   0.18861   0.29414   0.06609   0.05290   0.24743   0.44344   0.63637   0.27511   0.25059   0.27575   0.25835   0.66484   2.64125   0.63822   1.47101   1.23991   0.48933   0.18513   0.06446   2.14145  
 71 21.7315  14389.760588  x:  1.87081   0.18563   0.29068   0.05101   0.00000   1.89234   0.04133   0.02629   0.06142   0.05282   0.18904   0.29363   0.06695   0.05275   0.24814   0.44438   0.63575   0.27519   0.25053   0.27664   0.25949   0.66535   2.64098   0.63778   1.47117   1.24017   0.48832   0.18457   0.06446   2.14184  
 72 17.3890  14389.751994  x:  1.87204   0.18515   0.29102   0.05156   0.00000   1.88892   0.04135   0.02620   0.06138   0.05296   0.18890   0.29432   0.06640   0.05182   0.24818   0.44474   0.63546   0.27523   0.25054   0.27744   0.25991   0.66542   2.64067   0.63741   1.47137   1.24041   0.48721   0.18393   0.06445   2.14227  
 73 11.3005  14389.712890  x:  1.87839   0.18331   0.29120   0.05095   0.00000   1.87124   0.04136   0.02626   0.06168   0.05233   0.18727   0.29893   0.06632   0.05284   0.24725   0.44555   0.63458   0.27537   0.25065   0.28131   0.26087   0.66516   2.63904   0.63575   1.47246   1.24157   0.48147   0.18046   0.06439   2.14461  
 74 27.6572  14389.694604  x:  1.88189   0.18406   0.29005   0.05036   0.00000   1.86170   0.04133   0.02629   0.06234   0.05301   0.18783   0.29717   0.06748   0.05184   0.24605   0.44423   0.63578   0.27533   0.25077   0.28229   0.25918   0.66424   2.63798   0.63581   1.47332   1.24190   0.47853   0.17752   0.06432   2.14608  
 75 10.1447  14389.683362  x:  1.88414   0.18471   0.28919   0.05087   0.00000   1.85569   0.04134   0.02626   0.06169   0.05352   0.18843   0.29572   0.06641   0.05266   0.24574   0.44316   0.63677   0.27519   0.25073   0.28249   0.25784   0.66375   2.63725   0.63617   1.47396   1.24201   0.47680   0.17521   0.06428   2.14707  
 76 20.9150  14389.676051  x:  1.88577   0.18492   0.28861   0.05081   0.00000   1.85175   0.04131   0.02625   0.06171   0.05292   0.18854   0.29573   0.06650   0.05253   0.24803   0.44238   0.63749   0.27460   0.25005   0.28078   0.25698   0.66454   2.63643   0.63758   1.47476   1.24177   0.47626   0.17150   0.06437   2.14798  
 77  4.6645  14389.665941  x:  1.88816   0.18397   0.28932   0.05078   0.00000   1.84688   0.04125   0.02620   0.06159   0.05287   0.18706   0.29531   0.06640   0.05247   0.24654   0.44243   0.63782   0.27464   0.24986   0.27576   0.25643   0.66716   2.63481   0.64032   1.47624   1.24136   0.47546   0.16399   0.06454   2.14970  
 78  4.8664  14389.661705  x:  1.88941   0.18234   0.28869   0.05074   0.00000   1.84562   0.04123   0.02619   0.06160   0.05252   0.18870   0.29550   0.06638   0.05244   0.24575   0.44247   0.63689   0.27435   0.24956   0.27241   0.25602   0.66755   2.63382   0.64021   1.47686   1.24182   0.47345   0.16052   0.06457   2.15098  
 79  3.1865  14389.655505  x:  1.89195   0.18065   0.28820   0.05074   0.00000   1.84506   0.04121   0.02618   0.06159   0.05336   0.18740   0.29498   0.06636   0.05244   0.24646   0.44149   0.63581   0.27456   0.24994   0.26657   0.25599   0.66678   2.63201   0.63840   1.47770   1.24339   0.46774   0.15528   0.06451   2.15376  
 80  3.4778  14389.647502  x:  1.89689   0.18298   0.28875   0.05080   0.00000   1.84591   0.04122   0.02618   0.06159   0.05284   0.18751   0.29514   0.06640   0.05246   0.24622   0.44214   0.63723   0.27376   0.24909   0.25974   0.25928   0.66543   2.62965   0.63697   1.47881   1.24553   0.45815   0.14760   0.06447   2.15843  
 81  3.8708  14389.644780  x:  1.89912   0.18363   0.28895   0.05084   0.00000   1.84665   0.04123   0.02619   0.06161   0.05254   0.18804   0.29543   0.06643   0.05248   0.24647   0.44243   0.63746   0.27494   0.25022   0.25806   0.26018   0.66466   2.62921   0.63753   1.47919   1.24600   0.45461   0.14460   0.06450   2.16033  
 82  4.6563  14389.639693  x:  1.90484   0.18322   0.28931   0.05086   0.00000   1.84941   0.04125   0.02620   0.06162   0.05262   0.18788   0.29540   0.06646   0.05250   0.24652   0.44267   0.63635   0.27476   0.24979   0.25719   0.26074   0.66297   2.62973   0.64113   1.47984   1.24628   0.44666   0.13863   0.06437   2.16477  
 83  3.2384  14389.636779  x:  1.90903   0.18307   0.28802   0.05084   0.00000   1.85179   0.04124   0.02620   0.06165   0.05339   0.18794   0.29553   0.06646   0.05250   0.24645   0.44212   0.63649   0.27454   0.25013   0.25817   0.26103   0.66525   2.63167   0.64100   1.47977   1.24708   0.44262   0.13389   0.06435   2.16795  
 84  1.8327  14389.634551  x:  1.91224   0.18295   0.28902   0.05085   0.00000   1.85368   0.04124   0.02619   0.06164   0.05281   0.18795   0.29549   0.06646   0.05250   0.24650   0.44249   0.63709   0.27466   0.25003   0.25898   0.25912   0.66678   2.63396   0.63982   1.47955   1.24790   0.43958   0.13001   0.06434   2.17076  
 85  2.6354  14389.634061  x:  1.91217   0.18245   0.28879   0.05086   0.00000   1.85365   0.04125   0.02620   0.06165   0.05294   0.18792   0.29554   0.06647   0.05251   0.24659   0.44295   0.63807   0.27505   0.24974   0.25847   0.25895   0.66727   2.63574   0.63991   1.47957   1.24746   0.43842   0.12996   0.06431   2.17201  
 86  0.3959  14389.633774  x:  1.91204   0.18204   0.28912   0.05085   0.00000   1.85358   0.04125   0.02620   0.06165   0.05284   0.18802   0.29560   0.06647   0.05251   0.24656   0.44255   0.63864   0.27477   0.25002   0.25819   0.25914   0.66741   2.63689   0.63990   1.47966   1.24704   0.43791   0.12995   0.06430   2.17298  
 87  0.7136  14389.633329  x:  1.91184   0.18158   0.28892   0.05085   0.00000   1.85355   0.04124   0.02620   0.06164   0.05284   0.18791   0.29550   0.06645   0.05250   0.24655   0.44281   0.63905   0.27446   0.25021   0.25813   0.25971   0.66645   2.63830   0.63927   1.48014   1.24602   0.43847   0.12930   0.06432   2.17530  
 88  0.3561  14389.633022  x:  1.91171   0.18150   0.28901   0.05085   0.00000   1.85355   0.04124   0.02619   0.06163   0.05280   0.18795   0.29550   0.06645   0.05250   0.24647   0.44239   0.63901   0.27494   0.24970   0.25815   0.26009   0.66619   2.63882   0.63886   1.48054   1.24531   0.43885   0.12917   0.06432   2.17716  
 89  0.6448  14389.630433  x:  1.91056   0.18342   0.28895   0.05092   0.00000   1.85351   0.04121   0.02617   0.06165   0.05272   0.18789   0.29546   0.06649   0.05252   0.24652   0.44265   0.63682   0.27475   0.25002   0.25772   0.25955   0.66812   2.63871   0.63713   1.48393   1.23972   0.44055   0.13220   0.06432   2.19456  
 90  0.6302  14389.625424  x:  1.91067   0.18164   0.28884   0.05112   0.00000   1.85301   0.04113   0.02610   0.06164   0.05239   0.18783   0.29522   0.06658   0.05254   0.24650   0.44258   0.63882   0.27476   0.24997   0.25627   0.26001   0.66932   2.63598   0.63908   1.47874   1.24342   0.44810   0.13910   0.06445   2.22763  
 91  0.6731  14389.623827  x:  1.91417   0.18384   0.28873   0.05117   0.00000   1.85217   0.04110   0.02608   0.06163   0.05238   0.18779   0.29515   0.06660   0.05254   0.24647   0.44252   0.63602   0.27467   0.25003   0.25316   0.26035   0.66916   2.63927   0.63965   1.47762   1.24549   0.45118   0.14217   0.06448   2.23283  
 92  0.3233  14389.619377  x:  1.93002   0.18102   0.28878   0.05139   0.00000   1.85333   0.04103   0.02602   0.06166   0.05205   0.18774   0.29505   0.06672   0.05259   0.24655   0.44274   0.63920   0.27492   0.25003   0.24728   0.26073   0.66903   2.64078   0.63913   1.48381   1.24622   0.45800   0.15175   0.06450   2.23605  
 93  0.3219  14389.599997  x:  1.91642   0.18174   0.28837   0.05244   0.00000   1.85272   0.04060   0.02567   0.06165   0.05035   0.18729   0.29395   0.06720   0.05272   0.24653   0.44292   0.63792   0.27505   0.25019   0.25641   0.26087   0.66812   2.63933   0.63765   1.47512   1.23976   0.44454   0.13852   0.06456   2.19691  
 94  0.0956  14389.599780  x:  1.91481   0.18185   0.28837   0.05246   0.00000   1.85268   0.04059   0.02567   0.06165   0.05031   0.18728   0.29393   0.06721   0.05272   0.24653   0.44292   0.63780   0.27504   0.25020   0.25713   0.26086   0.66813   2.63992   0.63832   1.47852   1.24275   0.44428   0.13808   0.06457   2.19665  
 95  0.0842  14389.599691  x:  1.91503   0.18170   0.28834   0.05250   0.00000   1.85206   0.04058   0.02569   0.06163   0.05036   0.18727   0.29390   0.06722   0.05274   0.24655   0.44286   0.63777   0.27500   0.25016   0.25642   0.26078   0.66823   2.63953   0.63848   1.47850   1.24286   0.44379   0.13711   0.06459   2.19627  
 96  0.0016  14389.599691  x:  1.91504   0.18170   0.28834   0.05250   0.00000   1.85205   0.04058   0.02569   0.06163   0.05036   0.18727   0.29390   0.06722   0.05274   0.24655   0.44286   0.63777   0.27500   0.25016   0.25642   0.26078   0.66823   2.63953   0.63848   1.47851   1.24286   0.44382   0.13714   0.06459   2.19629  