

TREE # 1

  0  0.0000  15503.091585  x:  0.63361   0.14443   0.07504   0.00246   0.00000   0.38138   0.16514   0.10773   0.12864   0.04353   0.08228   0.08176   0.08328   0.02730   0.17967   0.16678   0.12319   0.12341   0.13548   0.13007   0.23018   1.20718   0.74065   0.85242   1.12593   1.36639   0.01738   0.22730  
  1 99.0000  15503.073725  x:  0.63361   0.14443   0.07504   0.00246   0.00000   0.38138   0.16514   0.10773   0.12864   0.04353   0.08228   0.08176   0.08328   0.02730   0.17967   0.16678   0.12319   0.12341   0.13548   0.13007   0.23018   1.20718   0.74065   0.85242   1.12593   1.36639   0.01738   0.22730  
  2 3120.3373  15451.738176  x:  0.63610   0.14786   0.08056   0.00000   0.00000   0.38811   0.16112   0.10403   0.12594   0.04675   0.08566   0.08746   0.08194   0.02871   0.18061   0.17087   0.12783   0.12628   0.13787   0.13406   0.23427   1.20909   0.74039   0.85259   1.12601   1.36691   0.01693   0.21712  
  3 11824.3481  15228.570164  x:  0.66553   0.16385   0.05253   0.00468   0.00000   0.45611   0.10350   0.05052   0.09429   0.01007   0.08000   0.06926   0.06417   0.00000   0.18099   0.18932   0.15142   0.13993   0.15021   0.15787   0.26587   1.23327   0.73697   0.85484   1.12698   1.37261   0.01181   0.10082  
  4 3199.7628  15182.932364  x:  0.67311   0.16731   0.04394   0.00594   0.00000   0.47327   0.08821   0.03646   0.08604   0.00000   0.07768   0.06314   0.05999   0.00385   0.18084   0.19334   0.15666   0.14285   0.15290   0.16332   0.27352   1.23957   0.73607   0.85543   1.12723   1.37409   0.01047   0.07098  
  5 29000.4561  15137.645285  x:  0.68402   0.16477   0.03813   0.00706   0.00000   0.49326   0.05894   0.01470   0.07197   0.02062   0.07007   0.04335   0.05542   0.00497   0.17739   0.19227   0.15463   0.13941   0.15018   0.16247   0.27818   1.24980   0.73449   0.85647   1.12761   1.37635   0.00824   0.03622  
  6 3376.3911  15106.178848  x:  0.69706   0.15746   0.04302   0.00823   0.00000   0.51431   0.01780   0.01008   0.05314   0.01833   0.06417   0.05019   0.04998   0.00487   0.17164   0.18541   0.14708   0.13049   0.14229   0.15648   0.28010   1.26370   0.73235   0.85789   1.12802   1.37846   0.00588   0.03381  
  7 1317.8368  15100.568043  x:  0.70521   0.15425   0.04339   0.00812   0.00000   0.52718   0.01410   0.02107   0.04597   0.01925   0.06294   0.04982   0.04861   0.00499   0.16826   0.18274   0.14416   0.12671   0.13873   0.15371   0.28189   1.27241   0.73100   0.85880   1.12830   1.38012   0.00406   0.03015  
  8 944.0861  15093.637036  x:  0.71872   0.14915   0.04423   0.00822   0.01455   0.54783   0.01851   0.02231   0.03788   0.01982   0.06217   0.05124   0.04717   0.00510   0.16272   0.17850   0.13965   0.12089   0.13306   0.14894   0.28465   1.28711   0.72872   0.86037   1.12874   1.38285   0.00107   0.03086  
  9 1488.1244  15067.948436  x:  0.77246   0.13352   0.04429   0.00838   0.00000   0.62542   0.03004   0.01981   0.03304   0.02272   0.06690   0.05139   0.04923   0.00559   0.14298   0.16632   0.12773   0.10521   0.11616   0.13157   0.29592   1.34647   0.71957   0.86678   1.13050   1.39415  -0.01137   0.04357  
 10 1317.6074  15058.231477  x:  0.80215   0.12696   0.04664   0.00730   0.00000   0.65187   0.02597   0.02185   0.06393   0.02317   0.06330   0.05482   0.05480   0.00540   0.14010   0.15959   0.12285   0.10643   0.11482   0.11500   0.29485   1.38127   0.71402   0.87085   1.13158   1.40186  -0.01994   0.04240  
 11 835.1719  15048.638358  x:  0.84536   0.13126   0.04350   0.00751   0.00000   0.65243   0.02200   0.02372   0.06217   0.02591   0.06139   0.04876   0.05540   0.00582   0.15422   0.16220   0.13039   0.12910   0.13251   0.09053   0.28579   1.43648   0.70489   0.87835   1.13323   1.41463  -0.03438   0.05467  
 12 393.9521  15040.690535  x:  0.89560   0.12559   0.04403   0.00743   0.00000   0.63905   0.02912   0.02137   0.05388   0.02463   0.06045   0.05894   0.05597   0.00523   0.16475   0.15848   0.12404   0.12853   0.13299   0.07175   0.27773   1.50189   0.69395   0.88790   1.13519   1.43016  -0.05181   0.04625  
 13 644.8180  15028.968081  x:  0.97031   0.12601   0.05919   0.00681   0.00000   0.59341   0.02866   0.02076   0.05430   0.01690   0.06694   0.04694   0.05475   0.00516   0.17303   0.16353   0.12290   0.11822   0.12756   0.08236   0.28223   1.60235   0.67710   0.90421   1.13816   1.45407  -0.07852   0.04604  
 14 829.8434  15021.552510  x:  1.01533   0.12927   0.04546   0.00700   0.00000   0.56042   0.02486   0.02210   0.05756   0.02235   0.06948   0.05243   0.05317   0.00527   0.17341   0.16917   0.12565   0.11220   0.12390   0.09809   0.28954   1.66465   0.66673   0.91529   1.13996   1.46854  -0.09483   0.05012  
 15 1320.0025  15020.333304  x:  1.02246   0.13153   0.04679   0.00691   0.00000   0.55578   0.02614   0.02206   0.05637   0.02289   0.05992   0.05441   0.05464   0.00525   0.16386   0.16710   0.12755   0.11481   0.12430   0.10117   0.29159   1.67728   0.66487   0.91911   1.14026   1.47042  -0.09747   0.05039  
 16 201.0045  15019.727610  x:  1.02281   0.13277   0.04668   0.00692   0.00000   0.55129   0.02576   0.02184   0.05602   0.02249   0.06391   0.05473   0.05422   0.00522   0.15260   0.16437   0.12767   0.11874   0.12546   0.10032   0.29079   1.68400   0.66417   0.92362   1.14033   1.47009  -0.09822   0.04896  
 17 103.9071  15018.803766  x:  1.01023   0.13519   0.04712   0.00681   0.00000   0.55198   0.02635   0.02194   0.05729   0.02234   0.06253   0.05489   0.04666   0.00548   0.14892   0.17183   0.12627   0.11772   0.12385   0.09714   0.29003   1.69997   0.66408   0.94525   1.14019   1.46349  -0.09704   0.04865  
 18 36.7570  15015.964551  x:  0.96391   0.14300   0.04683   0.00683   0.00000   0.55325   0.02519   0.02199   0.05637   0.02139   0.06289   0.05496   0.05830   0.00510   0.14690   0.18576   0.12271   0.11542   0.12146   0.09358   0.29053   1.75044   0.66462   1.01928   1.13996   1.44011  -0.09238   0.04696  
 19 356.7125  15011.674920  x:  0.90002   0.14769   0.04761   0.00685   0.00000   0.55991   0.02625   0.02224   0.05698   0.02262   0.06422   0.05527   0.05439   0.00533   0.15844   0.16624   0.11829   0.11875   0.12655   0.10316   0.29751   1.82328   0.66591   1.12817   1.14136   1.40570  -0.08630   0.04573  
 20 468.8724  15008.087348  x:  0.89528   0.11126   0.04841   0.00705   0.00000   0.56512   0.02648   0.02229   0.05720   0.02258   0.06470   0.05585   0.05474   0.00538   0.15820   0.16401   0.16066   0.11280   0.12774   0.11783   0.26810   1.83556   0.67170   1.20426   1.16341   1.37894  -0.09079   0.04481  
 21 56.0381  15005.487641  x:  0.90465   0.08797   0.04952   0.00724   0.00000   0.56668   0.02694   0.02238   0.05661   0.02264   0.06425   0.05664   0.05554   0.00541   0.15915   0.17162   0.15688   0.12744   0.12714   0.12725   0.26724   1.83007   0.67660   1.25013   1.18548   1.36336  -0.09848   0.04546  
 22 120.9914  14968.193662  x:  1.12641   0.12852   0.05702   0.00937   0.00000   0.57248   0.02948   0.02444   0.05910   0.02484   0.07174   0.06306   0.05858   0.00611   0.18010   0.16710   0.16498   0.16220   0.07866   0.10834   0.30808   1.64702   0.75818   1.89227   1.56895   1.14600  -0.24909   0.05565  
 23 241.1265  14948.364403  x:  1.24548   0.14091   0.06216   0.01016   0.00000   0.57877   0.03132   0.02575   0.06092   0.02651   0.07387   0.06835   0.06130   0.00655   0.17643   0.17533   0.14528   0.12867   0.14802   0.10223   0.33560   1.54799   0.80642   2.23610   1.78710   1.03026  -0.33969   0.06305  
 24 1515.1834  14898.110516  x:  1.11583   0.21249   0.07124   0.01256   0.00000   0.67517   0.03286   0.02471   0.05683   0.02702   0.08085   0.07987   0.06161   0.00720   0.17829   0.19598   0.10519   0.14698   0.15038   0.20213   0.21078   1.62766   1.06239   2.28194   2.38207   1.00498  -0.77583   0.07759  
 25 74.9518  14842.508420  x:  0.93349   0.12361   0.08426   0.01460   0.00000   0.69218   0.03340   0.02454   0.05530   0.02726   0.09149   0.08857   0.06088   0.00812   0.18158   0.21215   0.22926   0.14779   0.14585   0.11110   0.40389   1.77322   1.31026   2.18364   3.05122   0.86826  -1.14631   0.08800  
 26 379.5911  14753.986721  x:  0.89377   0.17484   0.10235   0.01794   0.00000   0.74786   0.04449   0.03074   0.06534   0.03542   0.10709   0.10614   0.07188   0.01044   0.20738   0.25354   0.22865   0.17220   0.15854   0.16427   0.38196   2.15013   1.45284   1.68432   4.00805   0.03227  -1.06341   0.08505  
 27 194.2838  14723.452822  x:  0.86679   0.17700   0.10741   0.01880   0.00000   0.78906   0.04568   0.03038   0.06504   0.03566   0.11065   0.11130   0.07221   0.01078   0.21045   0.26234   0.24200   0.18159   0.15850   0.17998   0.37628   2.09302   0.84383   1.48907   3.52223   0.15134  -1.02833   0.09059  
 28 30.2313  14617.332002  x:  1.17097   0.19383   0.12250   0.02162   0.00000   0.84932   0.05071   0.03281   0.06907   0.03948   0.12401   0.12678   0.07691   0.01212   0.22236   0.29441   0.26554   0.20778   0.16648   0.18259   0.40901   1.98947   0.69475   0.90200   0.96377   0.54625  -0.58607   0.10524  
 29 85.9388  14559.488410  x:  1.48825   0.24729   0.15155   0.03082   0.00000   1.09271   0.05329   0.03036   0.07238   0.04266   0.14759   0.16204   0.08309   0.01340   0.24931   0.35111   0.32297   0.23747   0.21724   0.21679   0.43521   2.31058   0.77240   2.01347   2.84561   3.44382   2.92066   0.11687  
 30  6.1549  14458.960953  x:  1.84138   0.26026   0.17968   0.04131   0.00000   1.33795   0.04379   0.02019   0.06253   0.04453   0.16634   0.19861   0.07914   0.01548   0.25787   0.40109   0.40838   0.26636   0.24955   0.27585   0.61280   2.43995   0.65663   2.11130   1.81580  -0.26055  -0.93649   0.10297  
 31  5.1362  14438.885528  x:  1.92840   0.26427   0.19967   0.04564   0.00000   1.43976   0.03915   0.01848   0.06045   0.04687   0.17745   0.22014   0.07847   0.01687   0.25968   0.42669   0.45302   0.27768   0.25879   0.28020   0.62938   2.54671   0.75219   1.92744   1.48077   0.93508   0.45093   0.09543  
 32  2.8092  14426.042836  x:  2.03122   0.26192   0.21742   0.04985   0.00000   1.54135   0.03501   0.01737   0.05764   0.04920   0.18577   0.24005   0.07680   0.01840   0.25697   0.44738   0.49820   0.28475   0.26408   0.29470   0.66572   2.61847   0.67570   1.64431   1.03440   0.25091  -0.09995   0.07656  
 33  1.4770  14425.934842  x:  2.03258   0.26189   0.21765   0.04991   0.00304   1.54270   0.03496   0.01736   0.05760   0.04924   0.18588   0.24031   0.07678   0.01842   0.25693   0.44765   0.49880   0.28484   0.26414   0.29489   0.66620   2.61942   0.67470   1.64057   1.02856   0.24188  -0.10722   0.07631  
 34 345.0987  14418.175861  x:  2.06678   0.25778   0.22973   0.05247   0.00555   1.60879   0.03269   0.01774   0.05623   0.05111   0.19071   0.25337   0.07578   0.01954   0.25342   0.45933   0.53002   0.28585   0.26578   0.30274   0.68230   2.69616   0.69271   1.47125   1.30623  -0.03281  -0.30198   0.06362  
 35  1.3634  14414.098810  x:  2.09519   0.25190   0.23966   0.05322   0.00358   1.64769   0.03461   0.02210   0.05923   0.05423   0.19415   0.26229   0.07753   0.02084   0.25178   0.46520   0.55286   0.28574   0.26441   0.30157   0.67491   2.67577   0.56422   1.38072   1.20363   0.28841   0.03182   0.06635  
 36  0.5760  14409.581928  x:  2.13752   0.24076   0.25164   0.05389   0.00000   1.69549   0.03795   0.02763   0.06307   0.05876   0.19696   0.27258   0.07997   0.02276   0.24886   0.46776   0.58168   0.28195   0.26153   0.29909   0.66692   2.64799   0.61500   1.39126   1.22788   0.22096  -0.05896   0.07048  
 37  0.1232  14409.581928  x:  2.13752   0.24076   0.25164   0.05389   0.00000   1.69549   0.03795   0.02763   0.06307   0.05876   0.19696   0.27258   0.07997   0.02276   0.24886   0.46776   0.58168   0.28195   0.26153   0.29909   0.66692   2.64799   0.61500   1.39126   1.22788   0.22096  -0.05896   0.07048  
 38  0.1717  14404.941247  x:  2.13786   0.23990   0.25380   0.05285   0.00014   1.69630   0.04016   0.02523   0.06211   0.05863   0.19594   0.27456   0.08055   0.04986   0.24889   0.46620   0.58162   0.28088   0.26032   0.29699   0.66480   2.64762   0.61522   1.39143   1.22782   0.22090  -0.05900   0.06806  
 39 411.1254  14404.871610  x:  2.13789   0.23982   0.25398   0.05282   0.00000   1.69637   0.04018   0.02527   0.06207   0.05861   0.19584   0.27468   0.08013   0.04998   0.24888   0.46607   0.58162   0.28079   0.26022   0.29681   0.66461   2.64759   0.61524   1.39144   1.22782   0.22086  -0.05897   0.06826  
 40 115.6565  14403.943369  x:  2.13915   0.23697   0.26065   0.05258   0.00000   1.69925   0.04468   0.02582   0.06179   0.05783   0.19257   0.27920   0.06753   0.05149   0.24841   0.46117   0.58160   0.27780   0.25671   0.29016   0.65768   2.64625   0.61593   1.39201   1.22763   0.22010  -0.05856   0.06382  
 41 275.4538  14403.346187  x:  2.14107   0.23273   0.26837   0.05388   0.00000   1.70351   0.04356   0.02049   0.06315   0.05604   0.18846   0.28398   0.06887   0.05060   0.24731   0.45461   0.58168   0.27448   0.25266   0.28156   0.64824   2.64425   0.61694   1.39291   1.22734   0.21922  -0.05821   0.06335  
 42 93.8516  14402.488737  x:  2.14458   0.22511   0.28116   0.05536   0.00000   1.71119   0.04263   0.02489   0.06449   0.05276   0.18176   0.29162   0.07556   0.04962   0.24526   0.44328   0.58193   0.26925   0.24611   0.26693   0.63182   2.64057   0.61876   1.39455   1.22683   0.21791  -0.05786   0.06290  
 43 310.4402  14402.374288  x:  2.14575   0.22315   0.28231   0.05256   0.00000   1.71346   0.04452   0.02450   0.06195   0.05210   0.18184   0.29169   0.07691   0.04913   0.24480   0.44155   0.58244   0.26966   0.24621   0.26524   0.62882   2.63935   0.61931   1.39510   1.22668   0.21794  -0.05816   0.06335  
 44 50.1029  14402.191088  x:  2.15036   0.21640   0.28230   0.05146   0.00000   1.72193   0.04135   0.02470   0.06030   0.05082   0.18559   0.28859   0.07614   0.04934   0.24359   0.43821   0.58520   0.27399   0.24959   0.26401   0.62126   2.63452   0.62131   1.39728   1.22620   0.21904  -0.06027   0.06200  
 45 33.6712  14401.943752  x:  2.15767   0.20603   0.28149   0.05387   0.00000   1.73516   0.04376   0.02452   0.06216   0.04923   0.19113   0.28372   0.07564   0.04970   0.24201   0.43384   0.58979   0.28001   0.25419   0.26348   0.61057   2.62692   0.62435   1.40070   1.22550   0.22089  -0.06373   0.06342  
 46 135.0874  14401.472810  x:  2.18116   0.18053   0.27740   0.04988   0.00000   1.77340   0.04336   0.02464   0.06587   0.05491   0.19220   0.28316   0.07558   0.04970   0.24594   0.43451   0.60874   0.27449   0.24581   0.28049   0.59710   2.60366   0.63081   1.41069   1.22482   0.22602  -0.07408   0.06369  
 47 32.4776  14401.342004  x:  2.18901   0.17397   0.27590   0.05418   0.00000   1.78483   0.04349   0.02450   0.06103   0.05426   0.18944   0.28431   0.07561   0.04967   0.24556   0.43554   0.61586   0.27348   0.24465   0.28534   0.59484   2.59656   0.63177   1.41366   1.22519   0.22666  -0.07662   0.06370  
 48 57.4018  14401.240795  x:  2.19802   0.17081   0.27616   0.05291   0.00000   1.79477   0.04343   0.02458   0.06261   0.05029   0.18329   0.28682   0.07542   0.04976   0.24264   0.43808   0.62557   0.27539   0.24784   0.28710   0.59609   2.59013   0.63019   1.41617   1.22696   0.22492  -0.07747   0.06368  
 49 24.1930  14401.134998  x:  2.21128   0.16909   0.28266   0.05336   0.00000   1.80557   0.04366   0.02465   0.06245   0.05351   0.18462   0.28960   0.07600   0.04966   0.24281   0.44280   0.63942   0.27730   0.25150   0.28433   0.60056   2.58302   0.62558   1.41900   1.23074   0.21986  -0.07672   0.06399  
 50 21.8428  14401.035997  x:  2.22772   0.16556   0.28273   0.05356   0.00000   1.81539   0.04377   0.02474   0.06265   0.04806   0.18999   0.28906   0.07615   0.04972   0.24632   0.44452   0.65128   0.27573   0.24972   0.27860   0.60767   2.57746   0.62015   1.42159   1.23585   0.20984  -0.07254   0.06367  
 51 21.1646  14400.981367  x:  2.24188   0.16016   0.28157   0.05362   0.00000   1.81953   0.04385   0.02478   0.06280   0.05182   0.18771   0.28554   0.07622   0.04982   0.24523   0.44225   0.65388   0.27726   0.24845   0.27562   0.61385   2.57730   0.62002   1.42309   1.23921   0.20042  -0.06858   0.06315  
 52 11.1216  14400.942181  x:  2.25623   0.15578   0.27981   0.05364   0.00000   1.82096   0.04393   0.02483   0.06304   0.05322   0.18786   0.29050   0.07642   0.04969   0.24771   0.44171   0.65334   0.28001   0.24985   0.27416   0.61758   2.58013   0.62345   1.42443   1.24142   0.19401  -0.06790   0.06306  
 53 10.6559  14400.872470  x:  2.28992   0.15487   0.28196   0.05365   0.00000   1.82066   0.04396   0.02487   0.06313   0.05182   0.19059   0.29150   0.07647   0.04964   0.24308   0.44669   0.65308   0.27813   0.25011   0.27327   0.61909   2.59102   0.63369   1.42736   1.24547   0.18493  -0.07265   0.06290  
 54 10.1606  14400.817726  x:  2.31845   0.15861   0.28330   0.05379   0.00000   1.81943   0.04394   0.02488   0.06298   0.05125   0.18796   0.28821   0.07637   0.04962   0.24845   0.44623   0.65490   0.27794   0.25118   0.27323   0.61732   2.60141   0.63759   1.42977   1.25007   0.17991  -0.08008   0.06295  
 55 16.1366  14400.778862  x:  2.33881   0.16098   0.28062   0.05363   0.00000   1.81792   0.04386   0.02487   0.06302   0.05274   0.18897   0.29017   0.07618   0.04956   0.24592   0.44248   0.65527   0.27861   0.24959   0.27468   0.61457   2.60987   0.63076   1.43156   1.25608   0.17751  -0.08852   0.06304  
 56  8.8911  14400.767222  x:  2.34329   0.15802   0.28208   0.05361   0.00000   1.81746   0.04381   0.02486   0.06296   0.05200   0.18840   0.28953   0.07607   0.04958   0.24637   0.44438   0.65275   0.27859   0.24990   0.27502   0.61433   2.61244   0.62655   1.43272   1.25813   0.17648  -0.09229   0.06311  
 57  3.6960  14400.707576  x:  2.33959   0.15295   0.27874   0.05334   0.00000   1.81717   0.04347   0.02484   0.06284   0.05360   0.18747   0.28928   0.07518   0.04995   0.24574   0.44346   0.65667   0.27223   0.25418   0.26847   0.61814   2.62087   0.62498   1.45182   1.25642   0.15828  -0.11973   0.06348  
 58  1.1436  14400.616478  x:  2.33182   0.14901   0.28380   0.05321   0.00000   1.81633   0.04309   0.02489   0.06258   0.05080   0.18805   0.28941   0.07417   0.05051   0.24519   0.44018   0.66259   0.27844   0.24753   0.26943   0.62295   2.63165   0.62499   1.47949   1.25440   0.12573  -0.15787   0.06398  
 59 14.1289  14400.543627  x:  2.32483   0.15060   0.28177   0.05327   0.00000   1.81576   0.04290   0.02500   0.06265   0.05208   0.18700   0.29040   0.07352   0.05099   0.24625   0.44630   0.66436   0.28075   0.24603   0.27307   0.61182   2.63553   0.62351   1.49488   1.25748   0.09144  -0.17761   0.06390  
 60  9.2822  14400.504933  x:  2.32149   0.15233   0.28482   0.05330   0.00000   1.81667   0.04282   0.02508   0.06267   0.05123   0.18808   0.29110   0.07330   0.05117   0.24640   0.44307   0.66236   0.27710   0.25054   0.27991   0.60891   2.63469   0.62347   1.49860   1.26151   0.07424  -0.18637   0.06387  
 61  8.7250  14400.359120  x:  2.31261   0.16930   0.28453   0.05311   0.00000   1.83301   0.04205   0.02521   0.06230   0.05175   0.18736   0.29146   0.07138   0.05147   0.24618   0.44278   0.64045   0.27712   0.24927   0.27452   0.61227   2.61075   0.63571   1.47581   1.29197   0.04482  -0.22555   0.06518  
 62  3.5006  14400.261654  x:  2.31003   0.15165   0.28519   0.05295   0.00000   1.81637   0.04145   0.02529   0.06198   0.05129   0.18716   0.29130   0.06996   0.05149   0.24589   0.44130   0.66037   0.27645   0.24819   0.27461   0.60915   2.60676   0.64164   1.43879   1.29730   0.05135  -0.22486   0.06600  
 63  1.8137  14400.094412  x:  2.33089   0.15577   0.28644   0.05270   0.00000   1.81433   0.04055   0.02552   0.06174   0.05145   0.18656   0.29243   0.06764   0.05203   0.24579   0.44065   0.65394   0.27637   0.24780   0.27199   0.60985   2.59379   0.62348   1.41922   1.23118   0.10293  -0.16557   0.06708  
 64  1.9786  14400.071491  x:  2.32740   0.15656   0.28697   0.05271   0.00000   1.82942   0.04049   0.02556   0.06174   0.05148   0.18673   0.29293   0.06735   0.05260   0.24610   0.44124   0.65500   0.27650   0.24808   0.27241   0.61028   2.61154   0.62381   1.41986   1.23559   0.11667  -0.14749   0.06717  
 65  1.4273  14400.057881  x:  2.32715   0.15613   0.28715   0.05264   0.00000   1.82422   0.04042   0.02556   0.06169   0.05140   0.18659   0.29300   0.06707   0.05320   0.24605   0.44100   0.65486   0.27639   0.24791   0.27217   0.60976   2.60961   0.62864   1.43948   1.25538   0.13440  -0.12990   0.06736  
 66  0.8615  14400.057258  x:  2.32647   0.15613   0.28716   0.05264   0.00000   1.82434   0.04040   0.02558   0.06169   0.05139   0.18658   0.29298   0.06709   0.05283   0.24604   0.44098   0.65486   0.27639   0.24790   0.27219   0.60971   2.61022   0.62889   1.44142   1.25675   0.13560  -0.12871   0.06739  
 67  0.0982  14400.056155  x:  2.32526   0.15608   0.28723   0.05257   0.00000   1.82333   0.04063   0.02569   0.06165   0.05143   0.18667   0.29319   0.06723   0.05282   0.24616   0.44113   0.65503   0.27650   0.24789   0.27218   0.61003   2.60978   0.62848   1.44014   1.25499   0.13756  -0.12605   0.06753  
 68  0.0047  14400.056140  x:  2.32501   0.15613   0.28722   0.05257   0.00000   1.82320   0.04061   0.02572   0.06166   0.05143   0.18667   0.29319   0.06721   0.05283   0.24615   0.44112   0.65496   0.27649   0.24788   0.27217   0.61003   2.60980   0.62844   1.44007   1.25495   0.13738  -0.12633   0.06753  
 69  0.0004  14400.056139  x:  2.32503   0.15613   0.28722   0.05257   0.00000   1.82321   0.04061   0.02572   0.06165   0.05142   0.18666   0.29319   0.06721   0.05283   0.24615   0.44111   0.65495   0.27649   0.24788   0.27217   0.61003   2.60980   0.62845   1.44009   1.25497   0.13737  -0.12633   0.06753  
 70  0.0000  14400.056139  x:  2.32503   0.15613   0.28722   0.05257   0.00000   1.82321   0.04061   0.02572   0.06165   0.05142   0.18666   0.29319   0.06721   0.05283   0.24615   0.44112   0.65495   0.27649   0.24788   0.27217   0.61003   2.60980   0.62845   1.44009   1.25497   0.13737  -0.12633   0.06753  
 71  0.0000  14400.056139  x:  2.32503   0.15613   0.28722   0.05257   0.00000   1.82321   0.04061   0.02572   0.06165   0.05142   0.18666   0.29319   0.06721   0.05283   0.24615   0.44112   0.65495   0.27649   0.24788   0.27217   0.61003   2.60980   0.62845   1.44009   1.25497   0.13737  -0.12633   0.06753  
 72  0.0000  14400.056139  x:  2.32503   0.15613   0.28722   0.05257   0.00000   1.82321   0.04061   0.02572   0.06165   0.05142   0.18666   0.29319   0.06721   0.05283   0.24615   0.44112   0.65495   0.27649   0.24788   0.27217   0.61003   2.60980   0.62845   1.44009   1.25497   0.13737  -0.12633   0.06753  