Supplemental results for CODEML (seqf: ../../inp_data/aln_codawdna.phy  treef: ../../inp_data/Mx_unroot.tree)

I	J	ij	2Ns_IJ	pMut_IJ	pSub_IJ	2Ns_JI	pMut_JI	pSub_JI

TTC	TTT	CT	0.63035	0.02818	0.03799	-0.63035	0.05294	0.03799	0.03799	0.03799
TTA	TTT	AT	2.17549	0.00347	0.00852	-2.17549	0.03059	0.00852	0.00281	0.00281
TTA	TTC	AC	1.54514	0.00680	0.01335	-1.54514	0.03188	0.01335	0.00440	0.00440
TTG	TTT	GT	0.77316	0.00816	0.01172	-0.77316	0.01768	0.01172	0.00386	0.00386
TTG	TTC	GC	0.14281	0.01598	0.01715	-0.14281	0.01843	0.01715	0.00564	0.00564
TTG	TTA	GA	-1.40233	0.04441	0.02032	1.40233	0.01093	0.02032	0.02032	0.02032
TCT	TTT	CT	1.36488	0.01352	0.02478	-1.36488	0.05294	0.02478	0.00816	0.00816
TCC	TTC	CT	1.03422	0.01961	0.03148	-1.03422	0.05518	0.03148	0.01036	0.01036
TCC	TCT	CT	0.29969	0.01961	0.02270	-0.29969	0.02647	0.02270	0.02270	0.02270
TCA	TTA	CT	0.26627	0.01143	0.01301	-0.26627	0.01491	0.01301	0.00428	0.00428
TCA	TCT	AT	1.07688	0.00521	0.00851	-1.07688	0.01529	0.00851	0.00851	0.00851
TCA	TCC	AC	0.77719	0.01020	0.01467	-0.77719	0.02219	0.01467	0.01467	0.01467
TCG	TTG	CT	1.88283	0.00533	0.01184	-1.88283	0.03504	0.01184	0.00390	0.00390
TCG	TCT	GT	1.29111	0.00243	0.00433	-1.29111	0.00884	0.00433	0.00433	0.00433
TCG	TCC	GC	0.99142	0.00476	0.00750	-0.99142	0.01283	0.00750	0.00750	0.00750
TCG	TCA	GA	0.21423	0.01323	0.01470	-0.21423	0.01639	0.01470	0.01470	0.01470
TAT	TTT	AT	1.61588	0.00608	0.01226	-1.61588	0.03059	0.01226	0.00403	0.00403
TAT	TCT	AC	0.25099	0.01190	0.01345	-0.25099	0.01529	0.01345	0.00443	0.00443
TAC	TTC	AT	1.10174	0.01059	0.01748	-1.10174	0.03188	0.01748	0.00575	0.00575
TAC	TCC	AC	0.06752	0.02074	0.02145	-0.06752	0.02219	0.02145	0.00706	0.00706
TAC	TAT	CT	0.11621	0.02323	0.02461	-0.11621	0.02610	0.02461	0.02461	0.02461
TGT	TTT	GT	1.55526	0.00373	0.00736	-1.55526	0.01768	0.00736	0.00242	0.00242
TGT	TCT	GC	0.19037	0.00731	0.00803	-0.19037	0.00884	0.00803	0.00264	0.00264
TGT	TAT	GA	-0.06062	0.02031	0.01970	0.06062	0.01912	0.01970	0.00649	0.00649
TGC	TTC	GT	1.10935	0.00608	0.01006	-1.10935	0.01843	0.01006	0.00331	0.00331
TGC	TCC	GC	0.07513	0.01190	0.01235	-0.07513	0.01283	0.01235	0.00407	0.00407
TGC	TAC	GA	0.00761	0.03307	0.03320	-0.00761	0.03332	0.03320	0.01093	0.01093
TGC	TGT	CT	0.18444	0.01333	0.01460	-0.18444	0.01603	0.01460	0.01460	0.01460
TGG	TTG	GT	1.09726	0.00391	0.00644	-1.09726	0.01171	0.00644	0.00212	0.00212
TGG	TCG	GC	-0.78557	0.00765	0.00503	0.78557	0.00349	0.00503	0.00166	0.00166
TGG	TGT	GT	0.31517	0.00391	0.00456	-0.31517	0.00535	0.00456	0.00150	0.00150
TGG	TGC	GC	0.13073	0.00765	0.00816	-0.13073	0.00872	0.00816	0.00269	0.00269
CTT	TTT	CT	1.00259	0.01942	0.03076	-1.00259	0.05294	0.03076	0.01013	0.01013
CTC	TTC	CT	0.83267	0.02399	0.03536	-0.83267	0.05518	0.03536	0.01164	0.01164
CTC	CTT	CT	0.46043	0.02399	0.02994	-0.46043	0.03803	0.02994	0.02994	0.02994
CTA	TTA	CT	0.48942	0.00914	0.01156	-0.48942	0.01491	0.01156	0.01156	0.01156
CTA	CTT	AT	1.66232	0.00417	0.00855	-1.66232	0.02197	0.00855	0.00855	0.00855
CTA	CTC	AC	1.20189	0.00816	0.01402	-1.20189	0.02714	0.01402	0.01402	0.01402
CTG	TTG	CT	-0.79868	0.07789	0.05088	0.79868	0.03504	0.05088	0.05088	0.05088
CTG	CTT	GT	-1.02811	0.03551	0.02033	1.02811	0.01270	0.02033	0.02033	0.02033
CTG	CTC	GC	-1.48854	0.06952	0.03017	1.48854	0.01569	0.03017	0.03017	0.03017
CTG	CTA	GA	-2.69043	0.19322	0.03784	2.69043	0.01311	0.03784	0.03784	0.03784
CCT	TCT	CT	0.38054	0.01809	0.02175	-0.38054	0.02647	0.02175	0.00716	0.00716
CCT	CTT	CT	0.74283	0.01809	0.02564	-0.74283	0.03803	0.02564	0.00844	0.00844
CCC	TCC	CT	0.84056	0.01657	0.02450	-0.84056	0.03840	0.02450	0.00806	0.00806
CCC	CTC	CT	1.04211	0.01657	0.02667	-1.04211	0.04697	0.02667	0.00878	0.00878
CCC	CCT	CT	0.75971	0.01657	0.02365	-0.75971	0.03542	0.02365	0.02365	0.02365
CCA	TCA	CT	0.25522	0.01733	0.01964	-0.25522	0.02237	0.01964	0.00646	0.00646
CCA	CTA	CT	0.03208	0.01733	0.01761	-0.03208	0.01789	0.01761	0.00580	0.00580
CCA	CCT	AT	0.95156	0.00790	0.01225	-0.95156	0.02046	0.01225	0.01225	0.01225
CCA	CCC	AC	0.19186	0.01547	0.01700	-0.19186	0.01874	0.01700	0.01700	0.01700
CCG	TCG	CT	0.91290	0.00419	0.00639	-0.91290	0.01044	0.00639	0.00210	0.00210
CCG	CTG	CT	3.59441	0.00419	0.01548	-3.59441	0.15248	0.01548	0.00510	0.00510
CCG	CCT	GT	1.82346	0.00191	0.00415	-1.82346	0.01183	0.00415	0.00415	0.00415
CCG	CCC	GC	1.06376	0.00374	0.00607	-1.06376	0.01083	0.00607	0.00607	0.00607
CCG	CCA	GA	0.87190	0.01039	0.01557	-0.87190	0.02485	0.01557	0.01557	0.01557
CAT	TAT	CT	0.80936	0.01162	0.01694	-0.80936	0.02610	0.01694	0.00558	0.00558
CAT	CTT	AT	1.42264	0.00530	0.00993	-1.42264	0.02197	0.00993	0.00327	0.00327
CAT	CCT	AC	0.67981	0.01037	0.01429	-0.67981	0.02046	0.01429	0.00470	0.00470
CAC	TAC	CT	0.71358	0.02228	0.03117	-0.71358	0.04548	0.03117	0.01026	0.01026
CAC	CTC	AT	0.98265	0.01016	0.01595	-0.98265	0.02714	0.01595	0.00525	0.00525
CAC	CCC	AC	-0.05946	0.01989	0.01930	0.05946	0.01874	0.01930	0.00635	0.00635
CAC	CAT	CT	0.02044	0.02228	0.02251	-0.02044	0.02274	0.02251	0.02251	0.02251
CAA	CTA	AT	-0.12553	0.01172	0.01100	0.12553	0.01034	0.01100	0.00362	0.00362
CAA	CCA	AC	-0.15761	0.02295	0.02119	0.15761	0.01960	0.02119	0.00697	0.00697
CAA	CAT	AT	0.11414	0.01172	0.01240	-0.11414	0.01314	0.01240	0.00408	0.00408
CAA	CAC	AC	0.09371	0.02295	0.02404	-0.09371	0.02520	0.02404	0.00791	0.00791
CAG	CTG	AT	1.01690	0.03187	0.05077	-1.01690	0.08810	0.05077	0.01671	0.01671
CAG	CCG	AC	-2.57751	0.06238	0.01322	2.57751	0.00474	0.01322	0.00435	0.00435
CAG	CAT	GT	-1.43386	0.03187	0.01430	1.43386	0.00760	0.01430	0.00471	0.00471
CAG	CAC	GC	-1.45430	0.06238	0.02765	1.45430	0.01457	0.02765	0.00910	0.00910
CAG	CAA	GA	-1.54800	0.17338	0.07250	1.54800	0.03687	0.07250	0.07250	0.07250
CGT	TGT	CT	1.21406	0.00476	0.00822	-1.21406	0.01603	0.00822	0.00271	0.00271
CGT	CTT	GT	1.76673	0.00217	0.00463	-1.76673	0.01270	0.00463	0.00152	0.00152
CGT	CCT	GC	1.02389	0.00425	0.00679	-1.02389	0.01183	0.00679	0.00224	0.00224
CGT	CAT	GA	0.34408	0.01181	0.01396	-0.34408	0.01666	0.01396	0.00460	0.00460
CGC	TGC	CT	1.09159	0.00876	0.01439	-1.09159	0.02610	0.01439	0.00474	0.00474
CGC	CTC	GT	1.36827	0.00399	0.00733	-1.36827	0.01569	0.00733	0.00241	0.00241
CGC	CCC	GC	0.32616	0.00782	0.00916	-0.32616	0.01083	0.00916	0.00302	0.00302
CGC	CAC	GA	0.38562	0.02173	0.02619	-0.38562	0.03196	0.02619	0.00862	0.00862
CGC	CGT	CT	0.06197	0.00876	0.00903	-0.06197	0.00932	0.00903	0.00903	0.00903
CGA	CTA	GT	0.59424	0.00330	0.00438	-0.59424	0.00598	0.00438	0.00144	0.00144
CGA	CCA	GC	0.56217	0.00646	0.00844	-0.56217	0.01133	0.00844	0.00278	0.00278
CGA	CAA	GA	0.71977	0.01795	0.02518	-0.71977	0.03687	0.02518	0.00829	0.00829
CGA	CGT	AT	0.48983	0.00330	0.00417	-0.48983	0.00538	0.00417	0.00417	0.00417
CGA	CGC	AC	0.42786	0.00646	0.00794	-0.42786	0.00991	0.00794	0.00794	0.00794
CGG	TGG	CT	-0.18504	0.02019	0.01838	0.18504	0.01678	0.01838	0.00605	0.00605
CGG	CTG	GT	1.71091	0.00920	0.01922	-1.71091	0.05093	0.01922	0.00633	0.00633
CGG	CCG	GC	-1.88350	0.01802	0.00609	1.88350	0.00274	0.00609	0.00200	0.00200
CGG	CAG	GA	0.69401	0.05008	0.06945	-0.69401	0.10024	0.06945	0.02286	0.02286
CGG	CGT	GT	-1.08393	0.00920	0.00510	1.08393	0.00311	0.00510	0.00510	0.00510
CGG	CGC	GC	-1.14590	0.01802	0.00962	1.14590	0.00573	0.00962	0.00962	0.00962
CGG	CGA	GA	-1.57377	0.05008	0.02060	1.57377	0.01038	0.02060	0.02060	0.02060
ATT	TTT	AT	0.72857	0.01476	0.02079	-0.72857	0.03059	0.02079	0.00684	0.00684
ATT	CTT	AC	-0.27402	0.02890	0.02512	0.27402	0.02197	0.02512	0.00827	0.00827
ATC	TTC	AT	0.07387	0.02961	0.03072	-0.07387	0.03188	0.03072	0.01011	0.01011
ATC	CTC	AC	-0.75879	0.05796	0.03873	0.75879	0.02714	0.03873	0.01275	0.01275
ATC	ATT	CT	-0.02435	0.06494	0.06415	0.02435	0.06338	0.06415	0.06415	0.06415
ATA	TTA	AT	-0.11211	0.00964	0.00911	0.11211	0.00862	0.00911	0.00300	0.00300
ATA	CTA	AC	-0.60152	0.01887	0.01376	0.60152	0.01034	0.01376	0.00453	0.00453
ATA	ATT	AT	1.33481	0.00964	0.01746	-1.33481	0.03662	0.01746	0.01746	0.01746
ATA	ATC	AC	1.35916	0.01887	0.03451	-1.35916	0.07345	0.03451	0.03451	0.03451
ATG	TTG	AT	0.40841	0.01346	0.01639	-0.40841	0.02025	0.01639	0.00540	0.00540
ATG	CTG	AC	1.20710	0.02635	0.04537	-1.20710	0.08810	0.04537	0.01494	0.01494
ATG	ATT	GT	0.45300	0.01346	0.01674	-0.45300	0.02117	0.01674	0.00551	0.00551
ATG	ATC	GC	0.47735	0.02635	0.03313	-0.47735	0.04247	0.03313	0.01091	0.01091
ATG	ATA	GA	-0.88181	0.07322	0.04562	0.88181	0.03032	0.04562	0.01502	0.01502
ACT	TCT	AT	0.71688	0.00747	0.01046	-0.71688	0.01529	0.01046	0.00344	0.00344
ACT	CCT	AC	0.33634	0.01462	0.01721	-0.33634	0.02046	0.01721	0.00567	0.00567
ACT	ATT	CT	1.35319	0.01638	0.02988	-1.35319	0.06338	0.02988	0.00984	0.00984
ACC	TCC	AT	0.60163	0.01216	0.01618	-0.60163	0.02219	0.01618	0.00533	0.00533
ACC	CCC	AC	-0.23893	0.02380	0.02107	0.23893	0.01874	0.02107	0.00694	0.00694
ACC	ATC	CT	1.56198	0.02666	0.05270	-1.56198	0.12713	0.05270	0.01735	0.01735
ACC	ACT	CT	0.18444	0.02666	0.02920	-0.18444	0.03206	0.02920	0.02920	0.02920
ACA	TCA	AT	0.31154	0.00946	0.01102	-0.31154	0.01292	0.01102	0.00363	0.00363
ACA	CCA	AC	0.05632	0.01853	0.01905	-0.05632	0.01960	0.01905	0.00627	0.00627
ACA	ATA	CT	0.68992	0.02076	0.02873	-0.68992	0.04138	0.02873	0.00946	0.00946
ACA	ACT	AT	0.67154	0.00946	0.01300	-0.67154	0.01852	0.01300	0.01300	0.01300
ACA	ACC	AC	0.48710	0.01853	0.02341	-0.48710	0.03016	0.02341	0.02341	0.02341
ACG	TCG	AT	0.41211	0.00399	0.00487	-0.41211	0.00603	0.00487	0.00160	0.00160
ACG	CCG	AC	-0.50079	0.00782	0.00602	0.50079	0.00474	0.00602	0.00198	0.00198
ACG	ATG	CT	1.88652	0.00876	0.01948	-1.88652	0.05778	0.01948	0.00641	0.00641
ACG	ACT	GT	0.98634	0.00399	0.00628	-0.98634	0.01071	0.00628	0.00628	0.00628
ACG	ACC	GC	0.80189	0.00782	0.01137	-0.80189	0.01743	0.01137	0.01137	0.01137
ACG	ACA	GA	0.31479	0.02173	0.02533	-0.31479	0.02977	0.02533	0.02533	0.02533
AAT	TAT	AT	0.02124	0.01476	0.01492	-0.02124	0.01508	0.01492	0.00491	0.00491
AAT	CAT	AC	-0.78812	0.02890	0.01899	0.78812	0.01314	0.01899	0.00625	0.00625
AAT	ATT	AT	0.90854	0.01476	0.02247	-0.90854	0.03662	0.02247	0.00740	0.00740
AAT	ACT	AC	-0.44464	0.02890	0.02295	0.44464	0.01852	0.02295	0.00755	0.00755
AAC	TAC	AT	0.77092	0.01216	0.01744	-0.77092	0.02628	0.01744	0.00574	0.00574
AAC	CAC	AC	0.05734	0.02380	0.02449	-0.05734	0.02520	0.02449	0.00806	0.00806
AAC	ATC	AT	1.79878	0.01216	0.02620	-1.79878	0.07345	0.02620	0.00863	0.00863
AAC	ACC	AC	0.23681	0.02380	0.02673	-0.23681	0.03016	0.02673	0.00880	0.00880
AAC	AAT	CT	0.86589	0.02666	0.03985	-0.86589	0.06338	0.03985	0.03985	0.03985
AAA	CAA	AC	-0.49271	0.04759	0.03683	0.49271	0.02908	0.03683	0.01212	0.01212
AAA	ATA	AT	-0.01671	0.02431	0.02411	0.01671	0.02391	0.02411	0.00794	0.00794
AAA	ACA	AC	-0.70663	0.04759	0.03274	0.70663	0.02348	0.03274	0.01078	0.01078
AAA	AAT	AT	0.40955	0.02431	0.02963	-0.40955	0.03662	0.02963	0.00975	0.00975
AAA	AAC	AC	-0.45634	0.04759	0.03756	0.45634	0.03016	0.03756	0.01236	0.01236
AAG	CAG	AC	0.23409	0.06255	0.07016	-0.23409	0.07905	0.07016	0.02310	0.02310
AAG	ATG	AT	0.04389	0.03195	0.03266	-0.04389	0.03339	0.03266	0.01075	0.01075
AAG	ACG	AC	-1.84263	0.06255	0.02169	1.84263	0.00991	0.02169	0.00714	0.00714
AAG	AAT	GT	-0.41165	0.03195	0.02583	0.41165	0.02117	0.02583	0.00850	0.00850
AAG	AAC	GC	-1.27755	0.06255	0.03088	1.27755	0.01743	0.03088	0.01017	0.01017
AAG	AAA	GA	-0.82121	0.17385	0.11213	0.82121	0.07648	0.11213	0.11213	0.11213
AGT	TGT	AT	0.22709	0.00738	0.00825	-0.22709	0.00926	0.00825	0.00272	0.00272
AGT	CGT	AC	-0.98697	0.01445	0.00847	0.98697	0.00538	0.00847	0.00279	0.00279
AGT	ATT	GT	1.05378	0.00738	0.01194	-1.05378	0.02117	0.01194	0.00393	0.00393
AGT	ACT	GC	-0.29941	0.01445	0.01239	0.29941	0.01071	0.01239	0.00408	0.00408
AGT	AAT	GA	0.14523	0.04016	0.04314	-0.14523	0.04643	0.04314	0.01420	0.01420
AGC	TGC	AT	0.08814	0.01381	0.01442	-0.08814	0.01508	0.01442	0.00475	0.00475
AGC	CGC	AC	-1.00346	0.02703	0.01570	1.00346	0.00991	0.01570	0.00517	0.00517
AGC	ATC	GT	1.12361	0.01381	0.02298	-1.12361	0.04247	0.02298	0.00757	0.00757
AGC	ACC	GC	-0.43837	0.02703	0.02153	0.43837	0.01743	0.02153	0.00709	0.00709
AGC	AAC	GA	-0.67518	0.07511	0.05259	0.67518	0.03824	0.05259	0.01731	0.01731
AGC	AGT	CT	0.04548	0.03028	0.03097	-0.04548	0.03169	0.03097	0.03097	0.03097
AGA	CGA	AC	-1.00841	0.02244	0.01299	1.00841	0.00819	0.01299	0.01299	0.01299
AGA	ATA	GT	0.18736	0.01146	0.01257	-0.18736	0.01382	0.01257	0.00414	0.00414
AGA	ACA	GC	-0.50256	0.02244	0.01727	0.50256	0.01357	0.01727	0.00568	0.00568
AGA	AAA	GA	0.20407	0.06236	0.06894	-0.20407	0.07648	0.06894	0.02269	0.02269
AGA	AGT	AT	0.46839	0.01146	0.01435	-0.46839	0.01831	0.01435	0.00473	0.00473
AGA	AGC	AC	0.42291	0.02244	0.02752	-0.42291	0.03425	0.02752	0.00906	0.00906
AGG	TGG	AT	0.20435	0.00790	0.00874	-0.20435	0.00969	0.00874	0.00288	0.00288
AGG	CGG	AC	0.38939	0.01547	0.01867	-0.38939	0.02283	0.01867	0.01867	0.01867
AGG	ATG	GT	0.89320	0.00790	0.01195	-0.89320	0.01930	0.01195	0.00393	0.00393
AGG	ACG	GC	-0.99333	0.01547	0.00904	0.99333	0.00573	0.00904	0.00297	0.00297
AGG	AAG	GA	0.84931	0.04299	0.06380	-0.84931	0.10051	0.06380	0.02100	0.02100
AGG	AGT	GT	0.29242	0.00790	0.00911	-0.29242	0.01059	0.00911	0.00300	0.00300
AGG	AGC	GC	0.24694	0.01547	0.01746	-0.24694	0.01980	0.01746	0.00575	0.00575
AGG	AGA	GA	-0.17597	0.04299	0.03932	0.17597	0.03605	0.03932	0.03932	0.03932
GTT	TTT	GT	0.97265	0.00669	0.01046	-0.97265	0.01768	0.01046	0.00344	0.00344
GTT	CTT	GC	-0.02994	0.01309	0.01289	0.02994	0.01270	0.01289	0.00424	0.00424
GTT	ATT	GA	0.24408	0.03638	0.04100	-0.24408	0.04643	0.04100	0.01350	0.01350
GTC	TTC	GT	0.54566	0.01068	0.01386	-0.54566	0.01843	0.01386	0.00456	0.00456
GTC	CTC	GC	-0.28701	0.02091	0.01805	0.28701	0.01569	0.01805	0.00594	0.00594
GTC	ATC	GA	0.47178	0.05811	0.07289	-0.47178	0.09314	0.07289	0.02399	0.02399
GTC	GTT	CT	0.20336	0.02342	0.02589	-0.20336	0.02871	0.02589	0.02589	0.02589
GTA	TTA	GT	0.19936	0.00408	0.00450	-0.19936	0.00498	0.00450	0.00148	0.00148
GTA	CTA	GC	-0.29005	0.00799	0.00689	0.29005	0.00598	0.00689	0.00227	0.00227
GTA	ATA	GA	0.31147	0.02220	0.02584	-0.31147	0.03032	0.02584	0.00851	0.00851
GTA	GTT	AT	1.40220	0.00408	0.00759	-1.40220	0.01659	0.00759	0.00759	0.00759
GTA	GTC	AC	1.19884	0.00799	0.01371	-1.19884	0.02649	0.01371	0.01371	0.01371
GTG	TTG	GT	-0.62153	0.02179	0.01572	0.62153	0.01171	0.01572	0.00517	0.00517
GTG	CTG	GC	0.17715	0.04266	0.04656	-0.17715	0.05093	0.04656	0.01533	0.01533
GTG	ATG	GA	-1.02994	0.11858	0.06781	1.02994	0.04234	0.06781	0.02232	0.02232
GTG	GTT	GT	-0.82102	0.02179	0.01406	0.82102	0.00959	0.01406	0.01406	0.01406
GTG	GTC	GC	-1.02438	0.04266	0.02448	1.02438	0.01532	0.02448	0.02448	0.02448
GTG	GTA	GA	-2.22322	0.11858	0.03200	2.22322	0.01284	0.03200	0.03200	0.03200
GCT	TCT	GT	-0.40057	0.01320	0.01073	0.40057	0.00884	0.01073	0.00353	0.00353
GCT	CCT	GC	-0.78111	0.02584	0.01705	0.78111	0.01183	0.01705	0.00561	0.00561
GCT	ACT	GA	-1.11745	0.07181	0.03901	1.11745	0.02349	0.03901	0.01284	0.01284
GCT	GTT	CT	-0.00834	0.02895	0.02883	0.00834	0.02871	0.02883	0.00949	0.00949
GCC	TCC	GT	-0.18642	0.01546	0.01406	0.18642	0.01283	0.01406	0.00463	0.00463
GCC	CCC	GC	-1.02698	0.03026	0.01733	1.02698	0.01083	0.01733	0.00571	0.00571
GCC	ACC	GA	-0.78806	0.08409	0.05526	0.78806	0.03824	0.05526	0.01819	0.01819
GCC	GTC	CT	0.30214	0.03390	0.03928	-0.30214	0.04585	0.03928	0.01293	0.01293
GCC	GCT	CT	0.51383	0.03390	0.04335	-0.51383	0.05667	0.04335	0.04335	0.04335
GCA	TCA	GT	-0.15020	0.00868	0.00805	0.15020	0.00747	0.00805	0.00265	0.00265
GCA	CCA	GC	-0.40542	0.01700	0.01378	0.40542	0.01133	0.01378	0.00454	0.00454
GCA	ACA	GA	-0.46174	0.04724	0.03717	0.46174	0.02977	0.03717	0.01224	0.01224
GCA	GTA	CT	-0.08329	0.01904	0.01826	0.08329	0.01752	0.01826	0.00601	0.00601
GCA	GCT	AT	1.32725	0.00868	0.01568	-1.32725	0.03274	0.01568	0.01568	0.01568
GCA	GCC	AC	0.81342	0.01700	0.02484	-0.81342	0.03834	0.02484	0.02484	0.02484
GCG	TCG	GT	0.55734	0.00200	0.00261	-0.55734	0.00349	0.00261	0.00086	0.00086
GCG	CCG	GC	-0.35556	0.00391	0.00326	0.35556	0.00274	0.00326	0.00107	0.00107
GCG	ACG	GA	0.14523	0.01087	0.01167	-0.14523	0.01256	0.01167	0.00384	0.00384
GCG	GTG	CT	3.06170	0.00438	0.01407	-3.06170	0.09357	0.01407	0.00463	0.00463
GCG	GCT	GT	2.24902	0.00200	0.00502	-2.24902	0.01893	0.00502	0.00502	0.00502
GCG	GCC	GC	1.73518	0.00391	0.00824	-1.73518	0.02217	0.00824	0.00824	0.00824
GCG	GCA	GA	0.92176	0.01087	0.01663	-0.92176	0.02731	0.01663	0.01663	0.01663
GAT	TAT	GT	-0.45347	0.01372	0.01084	0.45347	0.00872	0.01084	0.00357	0.00357
GAT	CAT	GC	-1.26283	0.02686	0.01338	1.26283	0.00760	0.01338	0.00440	0.00440
GAT	AAT	GA	-0.47471	0.07464	0.05832	0.47471	0.04643	0.05832	0.01920	0.01920
GAT	GTT	AT	0.18975	0.01372	0.01506	-0.18975	0.01659	0.01506	0.00496	0.00496
GAT	GCT	AC	0.19809	0.02686	0.02960	-0.19809	0.03274	0.02960	0.00975	0.00975
GAC	TAC	GT	-0.48784	0.02475	0.01920	0.48784	0.01519	0.01920	0.00632	0.00632
GAC	CAC	GC	-1.20142	0.04844	0.02503	1.20142	0.01457	0.02503	0.00824	0.00824
GAC	AAC	GA	-1.25876	0.13464	0.06723	1.25876	0.03824	0.06723	0.02213	0.02213
GAC	GTC	AT	0.06824	0.02475	0.02560	-0.06824	0.02649	0.02560	0.00843	0.00843
GAC	GCC	AC	-0.23390	0.04844	0.04300	0.23390	0.03834	0.04300	0.01415	0.01415
GAC	GAT	CT	0.08184	0.05427	0.05653	-0.08184	0.05890	0.05653	0.05653	0.05653
GAA	CAA	GC	-1.22294	0.05711	0.02914	1.22294	0.01681	0.02914	0.00959	0.00959
GAA	AAA	GA	-0.73024	0.15873	0.10777	0.73024	0.07648	0.10777	0.03548	0.03548
GAA	GTA	AT	-1.05842	0.02917	0.01641	1.05842	0.01012	0.01641	0.00540	0.00540
GAA	GCA	AC	-0.97513	0.05711	0.03372	0.97513	0.02154	0.03372	0.01110	0.01110
GAA	GAT	AT	0.15403	0.02917	0.03148	-0.15403	0.03403	0.03148	0.01036	0.01036
GAA	GAC	AC	0.07219	0.05711	0.05920	-0.07219	0.06139	0.05920	0.01949	0.01949
GAG	CAG	GC	-0.46720	0.07292	0.05721	0.46720	0.04570	0.05721	0.01883	0.01883
GAG	AAG	GA	-0.70129	0.20267	0.13984	0.70129	0.10051	0.13984	0.04603	0.04603
GAG	GTG	AT	0.37254	0.03725	0.04462	-0.37254	0.05406	0.04462	0.01469	0.01469
GAG	GCG	AC	-2.68916	0.07292	0.01429	2.68916	0.00495	0.01429	0.00471	0.00471
GAG	GAT	GT	-0.63823	0.03725	0.02662	0.63823	0.01968	0.02662	0.00876	0.00876
GAG	GAC	GC	-0.72007	0.07292	0.04979	0.72007	0.03549	0.04979	0.01639	0.01639
GAG	GAA	GA	-0.79226	0.20267	0.13288	0.79226	0.09177	0.13288	0.13288	0.13288
GGT	TGT	GT	0.06139	0.00504	0.00519	-0.06139	0.00535	0.00519	0.00171	0.00171
GGT	CGT	GC	-1.15267	0.00986	0.00524	1.15267	0.00311	0.00524	0.00173	0.00173
GGT	AGT	GA	-0.16571	0.02740	0.02519	0.16571	0.02322	0.02519	0.00829	0.00829
GGT	GTT	GT	0.64399	0.00504	0.00683	-0.64399	0.00959	0.00683	0.00225	0.00225
GGT	GCT	GC	0.65233	0.00986	0.01342	-0.65233	0.01893	0.01342	0.00442	0.00442
GGT	GAT	GA	0.45424	0.02740	0.03409	-0.45424	0.04315	0.03409	0.01122	0.01122
GGC	TGC	GT	-0.24291	0.01111	0.00982	0.24291	0.00872	0.00982	0.00323	0.00323
GGC	CGC	GC	-1.33450	0.02176	0.01038	1.33450	0.00573	0.01038	0.00342	0.00342
GGC	AGC	GA	-0.33104	0.06047	0.05101	0.33104	0.04343	0.05101	0.01679	0.01679
GGC	GTC	GT	0.32078	0.01111	0.01299	-0.32078	0.01532	0.01299	0.00428	0.00428
GGC	GCC	GC	0.01865	0.02176	0.02196	-0.01865	0.02217	0.02196	0.00723	0.00723
GGC	GAC	GA	0.25254	0.06047	0.06843	-0.25254	0.07784	0.06843	0.02253	0.02253
GGC	GGT	CT	-0.11985	0.02438	0.02294	0.11985	0.02162	0.02294	0.02294	0.02294
GGA	CGA	GC	-1.20612	0.01581	0.00815	1.20612	0.00473	0.00815	0.00268	0.00268
GGA	AGA	GA	-0.19771	0.04393	0.03973	0.19771	0.03605	0.03973	0.01308	0.01308
GGA	GTA	GT	-0.32182	0.00808	0.00685	0.32182	0.00585	0.00685	0.00225	0.00225
GGA	GCA	GC	-0.23854	0.01581	0.01400	0.23854	0.01245	0.01400	0.00461	0.00461
GGA	GAA	GA	0.73660	0.04393	0.06208	-0.73660	0.09177	0.06208	0.02044	0.02044
GGA	GGT	AT	0.43639	0.00808	0.00996	-0.43639	0.01249	0.00996	0.00996	0.00996
GGA	GGC	AC	0.55624	0.01581	0.02061	-0.55624	0.02757	0.02061	0.02061	0.02061
GGG	TGG	GT	-0.41768	0.00851	0.00686	0.41768	0.00560	0.00686	0.00226	0.00226
GGG	CGG	GC	-0.23264	0.01666	0.01480	0.23264	0.01320	0.01480	0.00487	0.00487
GGG	AGG	GA	-0.62202	0.04630	0.03338	0.62202	0.02485	0.03338	0.01099	0.01099
GGG	GTG	GT	1.30112	0.00851	0.01521	-1.30112	0.03126	0.01521	0.00501	0.00501
GGG	GCG	GC	-1.76058	0.01666	0.00609	1.76058	0.00286	0.00609	0.00200	0.00200
GGG	GAG	GA	0.92857	0.04630	0.07107	-0.92857	0.11717	0.07107	0.02340	0.02340
GGG	GGT	GT	-0.16389	0.00851	0.00783	0.16389	0.00722	0.00783	0.00783	0.00783
GGG	GGC	GC	-0.04404	0.01666	0.01629	0.04404	0.01594	0.01629	0.01629	0.01629
GGG	GGA	GA	-0.60028	0.04630	0.03378	0.60028	0.02540	0.03378	0.03378	0.03378


Histograms
2Ns	FMut	FSub(CodonUsage)	FSubw(after w)

-3.42325	0.01052	0.00122	0.00081
-3.08092	0.00646	0.00111	0.00073
-2.73860	0.02266	0.00517	0.00741
-2.39627	0.00131	0.00040	0.00079
-2.05395	0.01794	0.00616	0.00745
-1.71162	0.04850	0.02195	0.02653
-1.36930	0.07496	0.04150	0.04402
-1.02697	0.09628	0.06420	0.06186
-0.68465	0.16912	0.13160	0.14308
-0.34232	0.15838	0.15285	0.13174
0.00000	0.12895	0.14766	0.15116
0.34232	0.11370	0.15285	0.13174
0.68465	0.08158	0.13160	0.14308
1.02697	0.03543	0.06420	0.06186
1.36930	0.02018	0.04150	0.04402
1.71162	0.00944	0.02195	0.02653
2.05395	0.00229	0.00616	0.00745
2.39627	0.00014	0.00040	0.00079
2.73860	0.00157	0.00517	0.00741
3.08092	0.00030	0.00111	0.00073
3.42325	0.00029	0.00122	0.00081

Proportion of advantageous (S > 0) mutations:
 0.32698

Proportions of good & bad mutations (|S| > 2.0000) among mutations:
0.00343  0.05124

mean |Ns| = 0.80447	mean Ns+ = 0.57818	mean Ns- = -0.91440

