

TREE # 1

  0  0.0000  16263.755077  x:  0.46714   0.09816   0.08354   0.03829   0.00000   0.31103   0.11134   0.07954   0.11727   0.04268   0.10545   0.07912   0.06936   0.07830   0.13328   0.14222   0.14432   0.06098   0.14377   0.09298   0.18669   1.25699   0.74658   0.87858   1.13260   0.48609  
  1 99.0000  15268.725464  x:  0.62369   0.30809   0.30260   0.05567   0.03752   0.63953   0.02978   0.00000   0.06667   0.20184   0.21477   0.32969   0.06517   0.04177   0.24618   0.34818   0.33399   0.35999   0.25900   0.36703   0.41388   1.31136   0.73763   0.88289   1.13755   0.40524  
  2 3574.7120  15228.042156  x:  0.65154   0.34499   0.34098   0.05890   0.04399   0.69775   0.01557   0.01750   0.05778   0.22958   0.23390   0.37362   0.06446   0.03547   0.26596   0.38439   0.36739   0.41237   0.27919   0.41519   0.45391   1.32115   0.73601   0.88366   1.13845   0.39069  
  3 74373.8722  15153.356589  x:  0.69965   0.34986   0.32814   0.05337   0.00000   0.76909   0.04077   0.01783   0.05630   0.20019   0.22112   0.36380   0.07243   0.06489   0.25625   0.38818   0.37893   0.39805   0.26981   0.42011   0.47041   1.35471   0.72828   0.88568   1.14285   0.34109  
  4 827.0367  15099.969043  x:  0.79216   0.35376   0.29661   0.04776   0.04539   0.90009   0.07582   0.01750   0.05992   0.13635   0.19388   0.33727   0.07317   0.08894   0.23488   0.39101   0.39695   0.36059   0.24842   0.42166   0.49666   1.41965   0.71218   0.88909   1.15260   0.26798  
  5 2110.1578  14990.274139  x:  0.96640   0.35609   0.23803   0.05944   0.04322   1.12845   0.01710   0.01673   0.07385   0.01665   0.15265   0.28378   0.03927   0.05172   0.20249   0.39684   0.42762   0.28137   0.21127   0.41431   0.53797   1.53667   0.67761   0.89240   1.17622   0.31603  
  6 1385.9426  14969.711139  x:  1.02946   0.34373   0.23603   0.04813   0.05044   1.19440   0.00475   0.01663   0.05814   0.03697   0.16402   0.26007   0.09522   0.05225   0.20947   0.39781   0.42890   0.24306   0.20499   0.38973   0.53581   1.58754   0.66092   0.89605   1.18708   0.34774  
  7 601.8239  14959.414694  x:  1.06961   0.32911   0.24284   0.05396   0.04834   1.22761   0.02906   0.01650   0.05754   0.06493   0.18002   0.24869   0.09028   0.03358   0.22287   0.39784   0.42497   0.22312   0.21076   0.36448   0.52662   1.62599   0.64868   0.90046   1.19495   0.36237  
  8 549.0597  14946.133917  x:  1.12148   0.30004   0.25405   0.06145   0.04892   1.25683   0.00740   0.01630   0.06246   0.10339   0.20264   0.24050   0.06224   0.04280   0.24581   0.39420   0.41274   0.20610   0.23020   0.31974   0.50493   1.68518   0.63151   0.90965   1.20615   0.35298  
  9 535.4728  14941.400826  x:  1.15054   0.27988   0.25412   0.04509   0.05067   1.25563   0.01138   0.01640   0.05516   0.09513   0.20262   0.25531   0.05692   0.04971   0.25395   0.39025   0.40444   0.22619   0.25497   0.29804   0.49299   1.72586   0.62217   0.91909   1.21449   0.36375  
 10 198.3161  14938.285730  x:  1.17420   0.26294   0.25514   0.05497   0.05015   1.24661   0.01107   0.01632   0.06541   0.08575   0.19952   0.26945   0.06976   0.04324   0.25670   0.38725   0.39762   0.24471   0.27186   0.28441   0.48503   1.76329   0.61541   0.92974   1.22183   0.36340  
 11 294.1292  14936.898461  x:  1.18795   0.25630   0.25995   0.05393   0.04889   1.23062   0.00829   0.01632   0.05725   0.08521   0.19644   0.27316   0.07083   0.03408   0.25151   0.38791   0.39622   0.24743   0.26803   0.28727   0.48636   1.78975   0.61369   0.94055   1.22699   0.35848  
 12 116.1216  14933.133022  x:  1.23274   0.24209   0.27896   0.06366   0.05021   1.17455   0.01150   0.01629   0.05111   0.08681   0.18878   0.28265   0.06743   0.04375   0.23367   0.39426   0.39743   0.25126   0.24707   0.30695   0.49717   1.87569   0.61016   0.97853   1.24485   0.36724  
 13 311.4812  14932.073113  x:  1.24499   0.24320   0.28152   0.05197   0.04976   1.15635   0.01146   0.01637   0.06430   0.08765   0.19009   0.28174   0.06740   0.04233   0.23359   0.39659   0.40208   0.25101   0.24141   0.31338   0.50033   1.90240   0.61186   0.99389   1.25099   0.36786  
 14 155.8403  14931.022434  x:  1.25244   0.25976   0.26821   0.05480   0.04978   1.13564   0.01189   0.01633   0.06096   0.08136   0.20036   0.27120   0.06817   0.04262   0.25027   0.39759   0.41906   0.24991   0.24520   0.31666   0.50001   1.93293   0.62357   1.02549   1.26134   0.36782  
 15 60.7000  14930.346889  x:  1.24097   0.27034   0.26548   0.05497   0.04986   1.14045   0.01165   0.01634   0.06129   0.09015   0.18764   0.27065   0.06757   0.04264   0.23917   0.39790   0.42605   0.24878   0.25430   0.31142   0.49501   1.95116   0.64584   1.07642   1.28208   0.37059  
 16 27.8341  14929.454644  x:  1.21470   0.26521   0.26543   0.05437   0.05006   1.15626   0.01166   0.01635   0.06138   0.08556   0.19472   0.28592   0.06784   0.04264   0.24310   0.39809   0.41594   0.24171   0.24651   0.31185   0.49507   1.97050   0.67368   1.15847   1.32605   0.37346  
 17 54.3770  14928.979842  x:  1.20195   0.25892   0.27173   0.05433   0.05012   1.16424   0.01149   0.01636   0.06146   0.08227   0.19901   0.26949   0.06808   0.04281   0.24336   0.39607   0.40840   0.25169   0.24659   0.31647   0.49916   1.97498   0.67686   1.20121   1.36448   0.37436  
 18 44.8354  14928.360857  x:  1.19792   0.26355   0.27432   0.05432   0.04980   1.16439   0.01170   0.01637   0.06132   0.08217   0.18730   0.27165   0.06811   0.04279   0.25228   0.39532   0.41433   0.24869   0.24396   0.31475   0.49817   1.96536   0.65815   1.24772   1.45031   0.37241  
 19 28.2986  14928.008788  x:  1.20342   0.26468   0.26794   0.05421   0.04955   1.16203   0.01182   0.01637   0.06153   0.08215   0.19877   0.27538   0.06799   0.04279   0.23973   0.39956   0.41762   0.24619   0.24828   0.31391   0.49706   1.95619   0.65858   1.26683   1.50576   0.37041  
 20 39.6614  14927.245555  x:  1.23674   0.25690   0.26442   0.05437   0.04903   1.15640   0.01206   0.01636   0.06169   0.08627   0.19470   0.27609   0.06766   0.04275   0.24431   0.39489   0.41371   0.24592   0.25119   0.31829   0.49904   1.93295   0.72111   1.28195   1.63767   0.36676  
 21 28.7773  14927.081991  x:  1.23659   0.26200   0.27241   0.05437   0.04894   1.15706   0.01222   0.01637   0.06136   0.08158   0.19642   0.27501   0.06799   0.04281   0.24358   0.39898   0.41526   0.24886   0.24493   0.31049   0.49416   1.93515   0.73407   1.27822   1.66366   0.36608  
 22 19.0576  14926.678350  x:  1.20805   0.26969   0.26789   0.05439   0.04871   1.16437   0.01231   0.01638   0.06145   0.08305   0.19541   0.27542   0.06800   0.04292   0.24334   0.39985   0.41075   0.24490   0.24939   0.31202   0.50043   1.96842   0.75016   1.24890   1.71862   0.36576  
 23 10.9859  14926.236250  x:  1.20774   0.26732   0.26233   0.05447   0.04839   1.17377   0.01213   0.01641   0.06165   0.08761   0.19899   0.27782   0.06716   0.04309   0.24023   0.38032   0.42160   0.25319   0.23906   0.32019   0.48650   1.97760   0.75046   1.24525   1.72622   0.36573  
 24  3.0421  14922.288294  x:  1.23374   0.21744   0.26805   0.05297   0.04512   1.21925   0.01372   0.01648   0.06158   0.07298   0.19112   0.26644   0.06854   0.04460   0.24428   0.40755   0.46842   0.23363   0.25169   0.36726   0.42179   2.01521   0.74729   1.25080   1.73477   0.35897  
 25 11.2716  14905.172357  x:  1.42929   0.20450   0.24727   0.04792   0.02954   1.36893   0.01991   0.01675   0.06231   0.05394   0.18286   0.24839   0.06778   0.05096   0.23453   0.39097   0.49156   0.21958   0.23850   0.26890   0.54627   2.13962   0.70946   1.32861   1.72047   0.32895  
 26 29.1522  14904.085990  x:  1.45292   0.24063   0.23397   0.04778   0.02852   1.38000   0.02021   0.01678   0.06256   0.05762   0.17895   0.24607   0.06724   0.05136   0.23544   0.40058   0.44167   0.22475   0.23335   0.28201   0.52373   2.14820   0.70146   1.33510   1.71932   0.32735  
 27 28.0409  14903.961463  x:  1.45631   0.24851   0.24050   0.04760   0.02844   1.38082   0.02030   0.01678   0.06253   0.05421   0.18060   0.24664   0.06764   0.05134   0.23440   0.39397   0.43507   0.21981   0.23859   0.28588   0.52076   2.14909   0.70053   1.33596   1.71909   0.32707  
 28 18.0402  14897.836932  x:  1.50355   0.25233   0.26833   0.05643   0.01258   1.44678   0.02615   0.01764   0.06370   0.06349   0.18166   0.28005   0.05876   0.05403   0.23082   0.40607   0.45267   0.25156   0.23922   0.31502   0.53425   2.20413   0.69598   1.37217   1.73203   0.33121  
 29  0.0860  14897.206035  x:  1.50337   0.25845   0.26709   0.05130   0.00927   1.46232   0.03135   0.01800   0.06246   0.06061   0.18651   0.27885   0.06536   0.05323   0.23754   0.41317   0.45942   0.25337   0.24152   0.32156   0.53840   2.19927   0.69829   1.37163   1.73584   0.32869  
 30  0.0210  14897.128103  x:  1.49950   0.26016   0.26614   0.05176   0.00975   1.46885   0.03275   0.01823   0.06183   0.06448   0.18713   0.27599   0.06467   0.05373   0.23778   0.41233   0.45574   0.25008   0.24239   0.31820   0.53750   2.19289   0.69642   1.36469   1.72879   0.32916  
 31  0.0096  14897.021125  x:  1.49834   0.25800   0.26677   0.05206   0.00724   1.48288   0.03400   0.01909   0.06172   0.06373   0.18657   0.27682   0.06385   0.05457   0.23745   0.41269   0.45492   0.25013   0.24170   0.31602   0.53614   2.19173   0.69595   1.35819   1.72973   0.32745  
 32  0.0045  14896.739574  x:  1.47825   0.25192   0.26591   0.05125   0.00891   1.47653   0.03339   0.02175   0.06278   0.05836   0.18521   0.27811   0.06466   0.05537   0.23661   0.41021   0.45577   0.25124   0.24089   0.31592   0.53232   2.18353   0.69753   1.34857   1.71868   0.33122  
 33  0.0078  14896.482410  x:  1.48450   0.25854   0.26532   0.05090   0.00848   1.45934   0.03189   0.02438   0.06281   0.06412   0.18654   0.27568   0.06407   0.05444   0.23683   0.40969   0.45775   0.24960   0.24322   0.32117   0.53554   2.18588   0.69760   1.35894   1.72234   0.32930  
 34  0.0109  14896.442683  x:  1.49555   0.25939   0.26571   0.05175   0.00863   1.46149   0.03199   0.02519   0.06229   0.06239   0.18660   0.27638   0.06452   0.05394   0.23775   0.41257   0.45469   0.25035   0.24145   0.31765   0.53659   2.19156   0.69689   1.36421   1.72441   0.32982  
 35  0.0104  14896.437760  x:  1.49845   0.25821   0.26557   0.05123   0.00887   1.46419   0.03184   0.02538   0.06250   0.06280   0.18641   0.27659   0.06465   0.05377   0.23730   0.41178   0.45586   0.25034   0.24200   0.31728   0.53692   2.19303   0.69733   1.36502   1.72932   0.32930  
 36  0.0045  14896.437048  x:  1.49860   0.25809   0.26574   0.05142   0.00897   1.46559   0.03172   0.02535   0.06246   0.06272   0.18655   0.27652   0.06457   0.05374   0.23748   0.41192   0.45638   0.25043   0.24199   0.31791   0.53687   2.19342   0.69734   1.36519   1.73041   0.32921  
 37  0.0013  14896.436994  x:  1.49835   0.25829   0.26576   0.05138   0.00900   1.46586   0.03169   0.02534   0.06245   0.06271   0.18651   0.27659   0.06458   0.05374   0.23745   0.41201   0.45620   0.25045   0.24192   0.31792   0.53684   2.19325   0.69725   1.36503   1.72989   0.32919  
 38  0.0006  14896.436992  x:  1.49832   0.25832   0.26574   0.05138   0.00900   1.46588   0.03168   0.02535   0.06245   0.06271   0.18652   0.27659   0.06458   0.05374   0.23745   0.41199   0.45619   0.25045   0.24194   0.31790   0.53687   2.19323   0.69724   1.36496   1.72969   0.32919  
 39  0.0002  14896.436992  x:  1.49832   0.25831   0.26575   0.05138   0.00900   1.46588   0.03168   0.02535   0.06246   0.06271   0.18652   0.27659   0.06458   0.05374   0.23745   0.41199   0.45619   0.25045   0.24194   0.31790   0.53688   2.19323   0.69724   1.36494   1.72965   0.32919  
 40  0.0000  14896.436992  x:  1.49832   0.25831   0.26575   0.05138   0.00900   1.46588   0.03168   0.02535   0.06246   0.06271   0.18652   0.27659   0.06458   0.05374   0.23745   0.41199   0.45619   0.25045   0.24194   0.31790   0.53688   2.19323   0.69724   1.36494   1.72964   0.32919  