

TREE # 1

  0  0.0000  16000.934943  x:  0.22369   0.12733   0.05764   0.04777   0.00000   0.28520   0.14355   0.08754   0.05058   0.01871   0.06209   0.07840   0.03541   0.06628   0.07295   0.16001   0.13297   0.10888   0.13541   0.21984   0.12029   0.13236   1.19991   0.76700   0.82606   1.07644   1.18500   0.14721   0.27095  
  1 99.0000  16000.891081  x:  0.22369   0.12733   0.05765   0.04777   0.00000   0.28520   0.14355   0.08753   0.05058   0.01871   0.06209   0.07840   0.03541   0.06628   0.07296   0.16001   0.13297   0.10888   0.13541   0.21984   0.12029   0.13236   1.19991   0.76700   0.82606   1.07644   1.18500   0.14721   0.27095  
  2 4337.0046  15862.986791  x:  0.23491   0.13602   0.05688   0.04621   0.00000   0.30881   0.13386   0.07846   0.05029   0.00000   0.06604   0.08750   0.03706   0.06326   0.07967   0.16885   0.14323   0.11635   0.14114   0.23028   0.13189   0.14818   1.20513   0.76610   0.82672   1.07674   1.18786   0.14478   0.24228  
  3 5222.6628  15598.009714  x:  0.27200   0.15851   0.00793   0.04290   0.00000   0.38130   0.09278   0.04108   0.04558   0.01668   0.04900   0.07520   0.02663   0.05211   0.05642   0.19395   0.17118   0.13428   0.15662   0.26458   0.15012   0.17347   1.22648   0.76223   0.82957   1.07794   1.20066   0.13368   0.12118  
  4 5438.5485  15462.528394  x:  0.29421   0.16814   0.02137   0.04265   0.00000   0.42175   0.06250   0.01535   0.04231   0.01631   0.02905   0.05348   0.01714   0.04518   0.02942   0.20482   0.18414   0.14094   0.16380   0.28494   0.15130   0.17606   1.24154   0.75943   0.83154   1.07879   1.21060   0.12495   0.03333  
  5 9553.7978  15432.426360  x:  0.29881   0.16639   0.02038   0.04301   0.00000   0.42796   0.05091   0.01138   0.04008   0.01567   0.03134   0.04852   0.02030   0.04372   0.03779   0.20365   0.18340   0.13852   0.16287   0.28899   0.14449   0.16755   1.24685   0.75837   0.83224   1.07907   1.21477   0.12116   0.00778  
  6 2969.6963  15405.924455  x:  0.31326   0.16264   0.02073   0.04091   0.00000   0.45009   0.01682   0.01330   0.03260   0.01547   0.03725   0.05349   0.01883   0.03642   0.03487   0.20161   0.18283   0.13205   0.15962   0.30177   0.13169   0.15230   1.26346   0.75516   0.83451   1.07984   1.22580   0.11109   0.00861  
  7 1047.4110  15398.615764  x:  0.32494   0.15950   0.02130   0.03933   0.01298   0.46749   0.00833   0.01685   0.03116   0.01583   0.03457   0.05443   0.02068   0.03345   0.03661   0.19988   0.18234   0.12704   0.15693   0.31202   0.12382   0.14291   1.27761   0.75242   0.83644   1.08051   1.23549   0.10227   0.01056  
  8 1557.1712  15376.646546  x:  0.35846   0.14747   0.02269   0.03591   0.00706   0.51458   0.02579   0.01351   0.03289   0.01669   0.03147   0.05354   0.02296   0.03223   0.04221   0.19251   0.17858   0.11128   0.14776   0.34114   0.10509   0.11986   1.32235   0.74367   0.84261   1.08262   1.26684   0.07379   0.01821  
  9 1491.8483  15366.936869  x:  0.37283   0.13492   0.02241   0.03979   0.00496   0.52611   0.02874   0.02728   0.03970   0.01687   0.03791   0.05194   0.02259   0.04190   0.03728   0.18389   0.17127   0.10280   0.14108   0.35279   0.10818   0.12120   1.35219   0.73763   0.84684   1.08414   1.28975   0.05314   0.01551  
 10 916.4589  15353.528355  x:  0.38834   0.11507   0.02257   0.04236   0.00201   0.52798   0.02279   0.02366   0.04465   0.01833   0.02731   0.05072   0.01902   0.05008   0.04366   0.17005   0.15906   0.09527   0.13249   0.36432   0.12011   0.13091   1.39824   0.72814   0.85356   1.08654   1.32597   0.02062   0.01837  
 11 1264.8055  15342.398834  x:  0.39955   0.10051   0.02207   0.04026   0.00762   0.52295   0.02137   0.01072   0.04167   0.01853   0.03382   0.05215   0.02231   0.04847   0.03840   0.16087   0.15112   0.09457   0.12759   0.37192   0.12695   0.13515   1.44092   0.71918   0.85999   1.08882   1.36008  -0.00999   0.01972  
 12 1661.9744  15326.136657  x:  0.41282   0.08956   0.02227   0.03188   0.00760   0.50419   0.02676   0.01652   0.02696   0.01872   0.03284   0.05725   0.01694   0.03147   0.03739   0.15611   0.14981   0.10716   0.12708   0.37926   0.13350   0.13756   1.51261   0.70383   0.87123   1.09278   1.41835  -0.06223   0.01725  
 13 1553.2967  15313.059723  x:  0.42250   0.09283   0.02214   0.03076   0.00249   0.48268   0.02543   0.02017   0.03134   0.01840   0.02906   0.05212   0.03212   0.02568   0.03646   0.16226   0.16078   0.12402   0.13120   0.38317   0.13553   0.13662   1.58351   0.68838   0.88286   1.09683   1.47626  -0.11407   0.02188  
 14 1918.6820  15299.210137  x:  0.42998   0.10278   0.02162   0.03477   0.00476   0.46153   0.02244   0.01638   0.04120   0.01676   0.03436   0.04802   0.02035   0.03172   0.04023   0.17394   0.17731   0.13764   0.13595   0.38491   0.13157   0.13030   1.65536   0.67254   0.89518   1.10107   1.53459  -0.16618   0.02741  
 15 2414.3393  15296.308453  x:  0.42878   0.10669   0.02131   0.03633   0.00502   0.45673   0.02267   0.01519   0.03919   0.01667   0.03158   0.05595   0.02061   0.03855   0.03838   0.17800   0.18200   0.13512   0.13573   0.38257   0.12891   0.12834   1.67213   0.66871   0.89860   1.10217   1.54780  -0.17781   0.02627  
 16 778.5447  15293.374208  x:  0.42166   0.11429   0.02145   0.03568   0.00521   0.45715   0.02267   0.01511   0.03014   0.01616   0.03220   0.05182   0.02138   0.04139   0.03899   0.18493   0.18903   0.12051   0.13337   0.37467   0.12825   0.13327   1.69072   0.66419   0.90384   1.10368   1.56049  -0.18842   0.02733  
 17 351.5683  15291.259264  x:  0.41159   0.11911   0.02110   0.03550   0.00524   0.45970   0.02280   0.01480   0.03474   0.01590   0.03201   0.05369   0.02076   0.03401   0.03815   0.18841   0.19281   0.10638   0.13190   0.36433   0.12623   0.13728   1.70589   0.66038   0.90913   1.10516   1.56961  -0.19563   0.02621  
 18 394.1921  15288.320150  x:  0.38258   0.12000   0.02118   0.02970   0.00517   0.48116   0.02213   0.01490   0.03593   0.01619   0.03206   0.05347   0.02051   0.03669   0.03813   0.18197   0.19048   0.10771   0.14398   0.33614   0.11847   0.14299   1.73373   0.65316   0.92307   1.10901   1.57985  -0.20145   0.02605  
 19 163.3669  15287.697531  x:  0.37609   0.12014   0.02116   0.03604   0.00531   0.48652   0.02242   0.01468   0.03433   0.01622   0.03198   0.05343   0.02068   0.03553   0.03825   0.18116   0.18927   0.10941   0.14532   0.32996   0.11743   0.14372   1.74062   0.65143   0.92716   1.11016   1.58145  -0.20176   0.02629  
 20 253.6633  15286.321204  x:  0.36637   0.12274   0.02131   0.03508   0.00528   0.49308   0.02230   0.01482   0.03502   0.01593   0.03195   0.05342   0.02068   0.03604   0.03842   0.18934   0.18207   0.11771   0.12866   0.32214   0.12401   0.13792   1.75994   0.64757   0.94521   1.11552   1.57692  -0.19137   0.02574  
 21 64.7466  15280.792117  x:  0.36163   0.15339   0.02184   0.03549   0.00574   0.48482   0.02292   0.01544   0.03528   0.01631   0.03329   0.05485   0.02143   0.03625   0.03924   0.16760   0.17555   0.11620   0.12939   0.32773   0.13795   0.12854   1.84511   0.63497   1.04218   1.14567   1.54028  -0.12136   0.02384  
 22 91.9586  15275.078266  x:  0.36146   0.14823   0.02265   0.03621   0.00567   0.47117   0.02352   0.01684   0.03647   0.01590   0.03401   0.05569   0.02247   0.03719   0.04078   0.19061   0.15759   0.10992   0.15122   0.33883   0.12991   0.13568   1.92696   0.62699   1.14475   1.17947   1.50450  -0.04814   0.02272  
 23 362.0013  15270.675096  x:  0.35940   0.12222   0.02316   0.03646   0.00566   0.46490   0.02365   0.01724   0.03722   0.01617   0.03445   0.05618   0.02277   0.03803   0.04134   0.18662   0.19226   0.11722   0.13459   0.34424   0.10604   0.15629   1.95626   0.63951   1.21728   1.20907   1.49777  -0.00764   0.02181  
 24 120.1848  15261.977722  x:  0.35013   0.07474   0.02427   0.03690   0.00552   0.46860   0.02406   0.01789   0.03728   0.01639   0.03540   0.05754   0.02355   0.03826   0.04286   0.19213   0.24344   0.11000   0.14769   0.34503   0.13878   0.13091   1.95441   0.68977   1.34577   1.27444   1.52960   0.03562   0.02301  
 25 131.3205  15193.635400  x:  0.32904   0.19525   0.03270   0.03439   0.00000   0.53257   0.02681   0.02249   0.03899   0.01994   0.04768   0.07723   0.02941   0.03587   0.05903   0.20614   0.12210   0.13181   0.14059   0.44826   0.10808   0.20690   1.46604   1.54044   3.24245   2.44049   2.40774   0.44274   0.04737  
 26 250.0077  14948.061676  x:  0.00000   0.12702   0.05580   0.03414   0.00000   0.63188   0.03815   0.03561   0.04332   0.03566   0.08118   0.12245   0.04807   0.03703   0.10105   0.23243   0.29217   0.13945   0.14996   0.79586   0.20818   0.22849   1.58949   0.72424   1.12512   5.51057   3.04945   1.55813   0.07823  
 27 47.4186  14948.061676  x:  0.00000   0.12702   0.05580   0.03414   0.00000   0.63188   0.03815   0.03561   0.04332   0.03566   0.08118   0.12245   0.04807   0.03703   0.10105   0.23243   0.29217   0.13945   0.14996   0.79586   0.20818   0.22849   1.58949   0.72424   1.12512   5.51057   3.04945   1.55813   0.07823  
 28 93.6005  14845.189716  x:  0.01175   0.14227   0.13175   0.03781   0.00000   0.65433   0.01973   0.00888   0.04575   0.07560   0.11091   0.15040   0.04650   0.03600   0.13582   0.24632   0.30181   0.15139   0.15974   0.80740   0.21995   0.25055   1.59580   0.73062   1.12836   5.50916   3.05074   1.55629   0.05165  
 29 1789.5855  14792.412422  x:  0.03511   0.16679   0.20770   0.03640   0.00000   0.70063   0.04125   0.06294   0.04057   0.10452   0.14255   0.19051   0.04338   0.03296   0.17880   0.26675   0.31807   0.17020   0.17494   0.83034   0.23905   0.28976   1.61037   0.74359   1.13521   5.50616   3.04791   1.55716   0.10515  
 30 1668.5408  14719.618923  x:  0.10382   0.22042   0.20956   0.04876   0.00000   0.83880   0.03717   0.02326   0.06678   0.04994   0.15095   0.24107   0.08787   0.07674   0.20650   0.30934   0.36003   0.21450   0.21384   0.89870   0.28430   0.38668   1.65606   0.78073   1.15513   5.49729   3.03316   1.56586   0.17634  
 31 835.7433  14655.438699  x:  0.16928   0.26510   0.18588   0.04160   0.00000   0.97046   0.05315   0.03951   0.05706   0.00000   0.15079   0.26798   0.07274   0.05587   0.21461   0.34999   0.39723   0.24591   0.24203   0.96394   0.31817   0.46596   1.70414   0.81663   1.17617   5.48802   3.01857   1.57503   0.13828  
 32 1217.6301  14632.544644  x:  0.20672   0.28033   0.16447   0.04621   0.00000   1.04541   0.03360   0.03380   0.04702   0.02888   0.14561   0.25647   0.04684   0.02980   0.19812   0.36904   0.41388   0.24479   0.24029   1.00149   0.31889   0.49136   1.73969   0.83754   1.19134   5.48142   3.00090   1.58797   0.15127  
 33 691.6119  14606.611180  x:  0.26918   0.29235   0.13867   0.05516   0.00000   1.16984   0.04455   0.05113   0.04344   0.10349   0.13951   0.22006   0.05615   0.06433   0.16514   0.39251   0.43400   0.22449   0.22041   1.06426   0.29981   0.51321   1.81054   0.87380   1.22153   5.46834   2.96374   1.61575   0.13325  
 34 838.2471  14592.431720  x:  0.30517   0.27646   0.14005   0.02687   0.00000   1.23786   0.06302   0.04316   0.07311   0.11039   0.14327   0.21113   0.06716   0.04690   0.18211   0.38152   0.43264   0.20082   0.19975   1.10071   0.25776   0.49586   1.87305   0.89740   1.24806   5.45656   2.92283   1.64726   0.13140  
 35 363.1534  14577.681334  x:  0.34716   0.24166   0.15136   0.05919   0.00000   1.31347   0.05251   0.05083   0.07015   0.09014   0.14919   0.21437   0.07213   0.04147   0.21160   0.35293   0.42307   0.18102   0.18459   1.14346   0.19352   0.46038   1.96478   0.92796   1.28822   5.43867   2.85907   1.69636   0.12520  
 36 580.8175  14570.969443  x:  0.36283   0.22254   0.15988   0.04559   0.00000   1.33957   0.04296   0.05027   0.04833   0.08097   0.15056   0.21583   0.06945   0.05216   0.21701   0.33925   0.41776   0.18230   0.18671   1.15952   0.17025   0.44576   2.00891   0.94135   1.30863   5.42956   2.82672   1.72100   0.12553  
 37 622.0866  14563.820583  x:  0.37435   0.18710   0.17742   0.04729   0.00000   1.35042   0.05410   0.04580   0.05827   0.07821   0.14760   0.21450   0.04868   0.06051   0.19767   0.32240   0.40941   0.20860   0.20973   1.17173   0.16603   0.43723   2.08086   0.95935   1.34596   5.41294   2.77136   1.76181   0.12431  
 38 278.0615  14556.658191  x:  0.37979   0.14830   0.18625   0.04540   0.00000   1.34280   0.04380   0.05554   0.06111   0.08213   0.14808   0.21897   0.07622   0.04344   0.17769   0.31495   0.40619   0.22704   0.22325   1.17804   0.18827   0.44060   2.17243   0.97994   1.39789   5.38977   2.70009   1.81266   0.11797  
 39 356.7861  14545.477250  x:  0.37656   0.11341   0.16988   0.05047   0.00000   1.29770   0.05889   0.04509   0.04966   0.08826   0.16200   0.24054   0.06794   0.04831   0.19602   0.33112   0.42980   0.21272   0.20318   1.17626   0.24610   0.45222   2.33681   1.01392   1.50146   5.34309   2.57200   1.89956   0.11316  
 40 333.1857  14541.323342  x:  0.37302   0.12293   0.16759   0.04482   0.00000   1.27442   0.04155   0.05669   0.06530   0.08537   0.15944   0.24028   0.05933   0.05815   0.20491   0.34189   0.45526   0.21021   0.20142   1.17318   0.25728   0.44739   2.40219   1.02723   1.54807   5.32149   2.52443   1.92838   0.10883  
 41 345.1413  14536.963422  x:  0.36671   0.15836   0.17457   0.04879   0.00000   1.24338   0.05044   0.05191   0.05824   0.08236   0.14769   0.22794   0.06786   0.05172   0.20913   0.35742   0.49993   0.21625   0.21236   1.16723   0.25209   0.42926   2.47852   1.04247   1.61184   5.29086   2.47543   1.95110   0.10836  
 42 263.7384  14533.992817  x:  0.35413   0.16927   0.16360   0.04768   0.00000   1.23037   0.05041   0.05052   0.05965   0.08189   0.18290   0.24293   0.06824   0.05079   0.19086   0.35737   0.50153   0.21450   0.21910   1.15389   0.23082   0.43142   2.54476   1.05511   1.72336   5.22919   2.47985   1.89478   0.11034  
 43 53.9310  14528.365935  x:  0.33060   0.17182   0.17839   0.04690   0.00000   1.21607   0.04842   0.04748   0.05695   0.07640   0.14707   0.23681   0.06466   0.05107   0.19276   0.33909   0.48011   0.20080   0.20810   1.12867   0.21954   0.46476   2.66440   1.07660   1.95456   5.09396   2.49596   1.76321   0.11492  
 44 190.2123  14527.503488  x:  0.32937   0.16733   0.17212   0.04732   0.00000   1.21686   0.04759   0.04779   0.05683   0.07898   0.14865   0.22292   0.06569   0.05108   0.20908   0.34810   0.47001   0.21434   0.20991   1.12722   0.22170   0.46059   2.67216   1.07363   1.99365   5.06337   2.48978   1.74103   0.11540  
 45 71.9570  14525.379608  x:  0.33954   0.17127   0.18529   0.04761   0.00000   1.23183   0.04689   0.04702   0.05706   0.06697   0.14652   0.22314   0.06458   0.05137   0.19877   0.37750   0.44770   0.22041   0.19205   1.13711   0.24595   0.42269   2.64122   1.03935   2.09623   4.94836   2.42741   1.68921   0.11679  
 46 51.8697  14521.909920  x:  0.35629   0.18916   0.17369   0.04662   0.00000   1.25746   0.04802   0.04813   0.05828   0.08060   0.13789   0.24158   0.06568   0.05187   0.20866   0.35004   0.43472   0.21422   0.21324   1.15328   0.28317   0.38112   2.56792   0.97331   2.25913   4.73463   2.29738   1.60432   0.11282  
 47 154.4253  14519.923602  x:  0.36015   0.19117   0.18116   0.04759   0.00000   1.26676   0.04740   0.04826   0.05713   0.07147   0.15576   0.21657   0.06484   0.05159   0.20771   0.33236   0.44048   0.20572   0.21476   1.15651   0.28565   0.39725   2.52099   0.94094   2.33471   4.59852   2.20839   1.55519   0.11228  
 48 140.4771  14514.462959  x:  0.35604   0.15725   0.17799   0.04669   0.00000   1.27799   0.04853   0.05003   0.05936   0.07694   0.14288   0.23193   0.06651   0.05029   0.20931   0.35196   0.47082   0.22128   0.20678   1.14953   0.21003   0.46995   2.39422   0.87861   2.49355   4.18784   1.94282   1.40378   0.10488  
 49 176.7767  14495.329538  x:  0.41130   0.06042   0.18783   0.04673   0.00000   1.27496   0.04821   0.05161   0.06017   0.06983   0.14333   0.22882   0.06662   0.04952   0.21332   0.37384   0.56239   0.18872   0.24652   1.17725   0.21523   0.45236   2.21190   1.00430   2.58816   2.66466   1.15748   0.67927   0.09768  
 50 106.4482  14488.890714  x:  0.43220   0.06606   0.18428   0.04648   0.00000   1.27759   0.04869   0.05213   0.05974   0.07301   0.14787   0.23576   0.06671   0.04890   0.21200   0.34245   0.58088   0.23249   0.20139   1.18236   0.21844   0.45107   2.18271   1.00052   2.59346   2.10542   0.87215   0.41187   0.09326  
 51 552.6751  14482.580213  x:  0.45054   0.07869   0.18649   0.04627   0.00000   1.29189   0.04842   0.05241   0.05985   0.07031   0.14564   0.23450   0.06626   0.04880   0.21324   0.36503   0.55466   0.20823   0.23041   1.17102   0.20991   0.46469   2.21709   0.88838   2.55796   1.58010   0.60420   0.15353   0.09084  
 52 229.3538  14481.313619  x:  0.46859   0.03272   0.18990   0.04627   0.00000   1.30827   0.04824   0.05258   0.05953   0.06796   0.14603   0.23449   0.06598   0.04893   0.21329   0.36463   0.61883   0.21111   0.22747   1.15838   0.22149   0.45135   2.23543   0.83572   2.54904   1.52951   0.55675   0.07354   0.09151  
 53 20.8865  14476.294567  x:  0.71368   0.02128   0.18941   0.04573   0.00000   1.23341   0.04806   0.05344   0.05916   0.06732   0.14522   0.23670   0.06507   0.04890   0.21314   0.36920   0.63032   0.21193   0.22932   1.13033   0.20742   0.47411   2.28237   0.76871   2.51202   1.60295   0.29489  -0.24094   0.08920  
 54 14.2012  14456.404107  x:  1.18581   0.12189   0.19241   0.04626   0.00000   1.45951   0.04770   0.05272   0.05585   0.06034   0.15341   0.24534   0.06252   0.04738   0.21289   0.38840   0.56071   0.21223   0.24446   0.36112   0.23921   0.47382   2.43085   0.73097   2.33770   1.95734  -0.71592  -1.22782   0.07498  
 55 61.4620  14452.051041  x:  1.45626   0.11865   0.19330   0.04634   0.00000   1.46904   0.04743   0.05221   0.05540   0.05905   0.15448   0.24726   0.06200   0.04728   0.21260   0.39081   0.57173   0.21525   0.24422   0.11845   0.24180   0.47869   2.44793   0.71319   2.30000   1.90186  -0.70788  -1.22114   0.07406  
 56 18.4495  14419.634790  x:  1.49483   0.11568   0.20279   0.04771   0.00000   1.53217   0.04555   0.04698   0.05129   0.04858   0.16633   0.26681   0.05724   0.04772   0.21041   0.41397   0.64644   0.24576   0.24032   0.40941   0.26487   0.54450   2.64861   0.53371   1.82588   1.35416   0.57248   0.02813   0.07819  
 57  8.7093  14406.252809  x:  1.55231   0.16839   0.21412   0.05077   0.00000   1.64153   0.04641   0.03833   0.05445   0.04739   0.17795   0.28055   0.06028   0.04902   0.21904   0.42313   0.61949   0.27635   0.23004   0.44862   0.27558   0.59370   2.64219   0.76705   1.36394   1.34613   0.42136  -0.02631   0.06854  
 58  0.6275  14398.806005  x:  1.66031   0.19717   0.23824   0.05241   0.00000   1.77120   0.04519   0.02511   0.06147   0.04657   0.18270   0.28590   0.06803   0.05223   0.23544   0.43790   0.60887   0.27958   0.24113   0.40540   0.26810   0.62746   2.56299   0.66343   1.33331   1.16267  -0.06252  -0.37515   0.06455  
 59  0.5122  14396.176301  x:  1.65212   0.19125   0.25782   0.05084   0.00000   1.82416   0.03904   0.02787   0.06370   0.04782   0.18278   0.28668   0.06950   0.05287   0.24315   0.44267   0.61891   0.27282   0.25148   0.44962   0.24898   0.63303   2.55558   0.62072   1.40048   1.23857   0.12941  -0.14974   0.05865  
 60  0.2908  14395.560330  x:  1.65414   0.19049   0.26812   0.05143   0.00000   1.84226   0.04037   0.02440   0.06302   0.04948   0.18432   0.28869   0.06910   0.05333   0.24488   0.44309   0.62446   0.27222   0.25251   0.45543   0.24531   0.63188   2.55694   0.62504   1.43108   1.24910   0.23212  -0.07060   0.06342  
 61  0.1673  14395.207484  x:  1.66907   0.18725   0.28107   0.05210   0.00000   1.85510   0.04096   0.02636   0.06168   0.05156   0.18679   0.29242   0.06716   0.05307   0.24579   0.44091   0.63283   0.27498   0.24943   0.46364   0.24644   0.62898   2.57519   0.63670   1.44409   1.23991   0.18905  -0.12136   0.06199  
 62  0.0587  14395.152876  x:  1.67316   0.18738   0.28516   0.05243   0.00000   1.86039   0.04085   0.02587   0.06149   0.05116   0.18734   0.29340   0.06703   0.05296   0.24638   0.44171   0.63301   0.27532   0.24960   0.46106   0.24772   0.62891   2.58896   0.63991   1.43640   1.26654   0.16484  -0.13631   0.06212  
 63  0.0625  14395.141889  x:  1.67537   0.18634   0.28714   0.05260   0.00000   1.85949   0.04057   0.02573   0.06155   0.05062   0.18733   0.29370   0.06718   0.05277   0.24664   0.44242   0.63352   0.27537   0.24982   0.46031   0.24889   0.62875   2.59081   0.63760   1.44497   1.25796   0.16634  -0.12650   0.06198  
 64  0.0156  14395.137672  x:  1.67418   0.18427   0.28804   0.05264   0.00000   1.85241   0.04074   0.02571   0.06160   0.05039   0.18715   0.29375   0.06733   0.05259   0.24648   0.44293   0.63445   0.27525   0.24995   0.45997   0.25013   0.62810   2.58791   0.63757   1.44209   1.25789   0.16943  -0.12582   0.06202  
 65  0.0039  14395.137050  x:  1.67343   0.18401   0.28799   0.05255   0.00000   1.85049   0.04055   0.02573   0.06160   0.05042   0.18715   0.29369   0.06728   0.05273   0.24651   0.44265   0.63454   0.27534   0.24980   0.45939   0.24980   0.62823   2.58712   0.63771   1.44173   1.25795   0.16779  -0.12800   0.06207  
 66  0.0027  14395.136921  x:  1.67283   0.18402   0.28794   0.05254   0.00000   1.85006   0.04060   0.02567   0.06158   0.05050   0.18718   0.29365   0.06724   0.05275   0.24655   0.44248   0.63455   0.27536   0.24973   0.45949   0.24956   0.62831   2.58702   0.63766   1.44147   1.25764   0.16784  -0.12777   0.06202  
 67  0.0010  14395.136894  x:  1.67223   0.18412   0.28793   0.05257   0.00000   1.84997   0.04060   0.02569   0.06159   0.05056   0.18721   0.29363   0.06724   0.05273   0.24656   0.44241   0.63450   0.27534   0.24973   0.45963   0.24951   0.62828   2.58694   0.63767   1.44129   1.25752   0.16829  -0.12725   0.06203  
 68  0.0007  14395.136888  x:  1.67186   0.18424   0.28794   0.05257   0.00000   1.85000   0.04060   0.02568   0.06158   0.05056   0.18721   0.29363   0.06724   0.05272   0.24656   0.44242   0.63440   0.27533   0.24975   0.45977   0.24954   0.62825   2.58683   0.63763   1.44116   1.25740   0.16814  -0.12748   0.06203  
 69  0.0003  14395.136888  x:  1.67170   0.18429   0.28794   0.05257   0.00000   1.84996   0.04060   0.02568   0.06158   0.05056   0.18720   0.29363   0.06724   0.05273   0.24655   0.44243   0.63435   0.27532   0.24975   0.45984   0.24955   0.62825   2.58685   0.63766   1.44124   1.25748   0.16820  -0.12741   0.06203  
 70  0.0002  14395.136887  x:  1.67166   0.18430   0.28794   0.05257   0.00000   1.84996   0.04060   0.02568   0.06159   0.05055   0.18720   0.29363   0.06724   0.05273   0.24655   0.44243   0.63434   0.27533   0.24974   0.45987   0.24954   0.62826   2.58686   0.63764   1.44124   1.25747   0.16821  -0.12741   0.06203  
 71  0.0000  14395.136887  x:  1.67166   0.18430   0.28794   0.05257   0.00000   1.84996   0.04060   0.02568   0.06159   0.05055   0.18720   0.29363   0.06724   0.05273   0.24655   0.44243   0.63435   0.27533   0.24974   0.45988   0.24954   0.62826   2.58686   0.63765   1.44124   1.25747   0.16821  -0.12741   0.06203  
 72  0.0000  14395.136887  x:  1.67166   0.18430   0.28794   0.05257   0.00000   1.84996   0.04060   0.02568   0.06159   0.05055   0.18720   0.29363   0.06724   0.05273   0.24655   0.44243   0.63435   0.27533   0.24974   0.45988   0.24954   0.62826   2.58686   0.63765   1.44124   1.25747   0.16821  -0.12741   0.06203  
 73  0.0000  14395.136887  x:  1.67166   0.18430   0.28794   0.05257   0.00000   1.84996   0.04060   0.02568   0.06159   0.05055   0.18720   0.29363   0.06724   0.05273   0.24655   0.44243   0.63434   0.27533   0.24974   0.45988   0.24954   0.62826   2.58686   0.63765   1.44124   1.25747   0.16821  -0.12741   0.06203  
 74  0.0000  14395.136887  x:  1.67166   0.18430   0.28794   0.05257   0.00000   1.84996   0.04060   0.02568   0.06159   0.05055   0.18720   0.29363   0.06724   0.05273   0.24655   0.44243   0.63434   0.27533   0.24974   0.45988   0.24954   0.62826   2.58686   0.63765   1.44124   1.25747   0.16821  -0.12741   0.06203  