Supplemental results for CODEML (seqf: ../../inp_data/aln_codawdna.phy  treef: ../../inp_data/Mx_branch_duckchicken.tree)

I	J	ij	2Ns_IJ	pMut_IJ	pSub_IJ	2Ns_JI	pMut_JI	pSub_JI

TTC	TTT	CT	0.61399	0.02884	0.03859	-0.61399	0.05329	0.03859	0.03859	0.03859
TTA	TTT	AT	2.17782	0.00353	0.00868	-2.17782	0.03120	0.00868	0.00434	0.00434
TTA	TTC	AC	1.56384	0.00681	0.01346	-1.56384	0.03252	0.01346	0.00673	0.00673
TTG	TTT	GT	0.75560	0.00831	0.01184	-0.75560	0.01768	0.01184	0.00592	0.00592
TTG	TTC	GC	0.14161	0.01600	0.01716	-0.14161	0.01843	0.01716	0.00858	0.00858
TTG	TTA	GA	-1.42222	0.04555	0.02059	1.42222	0.01098	0.02059	0.02059	0.02059
TCT	TTT	CT	1.34852	0.01384	0.02520	-1.34852	0.05329	0.02520	0.01260	0.01260
TCC	TTC	CT	1.01785	0.02007	0.03199	-1.01785	0.05554	0.03199	0.01599	0.01599
TCC	TCT	CT	0.28332	0.02007	0.02305	-0.28332	0.02665	0.02305	0.02305	0.02305
TCA	TTA	CT	0.24991	0.01169	0.01321	-0.24991	0.01501	0.01321	0.00661	0.00661
TCA	TCT	AT	1.07921	0.00530	0.00867	-1.07921	0.01560	0.00867	0.00867	0.00867
TCA	TCC	AC	0.79589	0.01021	0.01481	-0.79589	0.02263	0.01481	0.01481	0.01481
TCG	TTG	CT	1.86646	0.00546	0.01205	-1.86646	0.03528	0.01205	0.00602	0.00602
TCG	TCT	GT	1.27354	0.00247	0.00438	-1.27354	0.00884	0.00438	0.00438	0.00438
TCG	TCC	GC	0.99022	0.00477	0.00751	-0.99022	0.01283	0.00751	0.00751	0.00751
TCG	TCA	GA	0.19433	0.01357	0.01493	-0.19433	0.01648	0.01493	0.01493	0.01493
TAT	TTT	AT	1.61821	0.00619	0.01248	-1.61821	0.03120	0.01248	0.00624	0.00624
TAT	TCT	AC	0.26969	0.01191	0.01359	-0.26969	0.01560	0.01359	0.00680	0.00680
TAC	TTC	AT	1.10407	0.01078	0.01781	-1.10407	0.03252	0.01781	0.00890	0.00890
TAC	TCC	AC	0.08621	0.02076	0.02167	-0.08621	0.02263	0.02167	0.01084	0.01084
TAC	TAT	CT	0.09985	0.02377	0.02498	-0.09985	0.02627	0.02498	0.02498	0.02498
TGT	TTT	GT	1.53770	0.00380	0.00744	-1.53770	0.01768	0.00744	0.00372	0.00372
TGT	TCT	GC	0.18918	0.00732	0.00803	-0.18918	0.00884	0.00803	0.00402	0.00402
TGT	TAT	GA	-0.08051	0.02083	0.02001	0.08051	0.01922	0.02001	0.01000	0.01000
TGC	TTC	GT	1.09179	0.00619	0.01017	-1.09179	0.01843	0.01017	0.00508	0.00508
TGC	TCC	GC	0.07393	0.01191	0.01236	-0.07393	0.01283	0.01236	0.00618	0.00618
TGC	TAC	GA	-0.01228	0.03392	0.03371	0.01228	0.03350	0.03371	0.01685	0.01685
TGC	TGT	CT	0.16808	0.01364	0.01482	-0.16808	0.01614	0.01482	0.01482	0.01482
TGG	TTG	GT	1.07970	0.00398	0.00650	-1.07970	0.01171	0.00650	0.00325	0.00325
TGG	TCG	GC	-0.78676	0.00766	0.00504	0.78676	0.00349	0.00504	0.00252	0.00252
TGG	TGT	GT	0.29761	0.00398	0.00460	-0.29761	0.00535	0.00460	0.00230	0.00230
TGG	TGC	GC	0.12953	0.00766	0.00816	-0.12953	0.00872	0.00816	0.00408	0.00408
CTT	TTT	CT	0.98623	0.01988	0.03126	-0.98623	0.05329	0.03126	0.01563	0.01563
CTC	TTC	CT	0.81630	0.02455	0.03592	-0.81630	0.05554	0.03592	0.01796	0.01796
CTC	CTT	CT	0.44406	0.02455	0.03041	-0.44406	0.03828	0.03041	0.03041	0.03041
CTA	TTA	CT	0.47305	0.00935	0.01174	-0.47305	0.01501	0.01174	0.01174	0.01174
CTA	CTT	AT	1.66465	0.00424	0.00871	-1.66465	0.02241	0.00871	0.00871	0.00871
CTA	CTC	AC	1.22058	0.00817	0.01414	-1.22058	0.02769	0.01414	0.01414	0.01414
CTG	TTG	CT	-0.81505	0.07970	0.05158	0.81505	0.03528	0.05158	0.05158	0.05158
CTG	CTT	GT	-1.04567	0.03614	0.02048	1.04567	0.01270	0.02048	0.02048	0.02048
CTG	CTC	GC	-1.48974	0.06960	0.03018	1.48974	0.01569	0.03018	0.03018	0.03018
CTG	CTA	GA	-2.71032	0.19817	0.03827	2.71032	0.01318	0.03827	0.03827	0.03827
CCT	TCT	CT	0.36417	0.01851	0.02209	-0.36417	0.02665	0.02209	0.01104	0.01104
CCT	CTT	CT	0.72647	0.01851	0.02604	-0.72647	0.03828	0.02604	0.01302	0.01302
CCC	TCC	CT	0.82419	0.01695	0.02489	-0.82419	0.03865	0.02489	0.01244	0.01244
CCC	CTC	CT	1.02575	0.01695	0.02711	-1.02575	0.04729	0.02711	0.01355	0.01355
CCC	CCT	CT	0.74334	0.01695	0.02403	-0.74334	0.03565	0.02403	0.02403	0.02403
CCA	TCA	CT	0.23886	0.01773	0.01993	-0.23886	0.02252	0.01993	0.00997	0.00997
CCA	CTA	CT	0.01571	0.01773	0.01787	-0.01571	0.01801	0.01787	0.00894	0.00894
CCA	CCT	AT	0.95389	0.00804	0.01248	-0.95389	0.02087	0.01248	0.01248	0.01248
CCA	CCC	AC	0.21055	0.01549	0.01717	-0.21055	0.01912	0.01717	0.01717	0.01717
CCG	TCG	CT	0.89653	0.00429	0.00649	-0.89653	0.01051	0.00649	0.00325	0.00325
CCG	CTG	CT	3.57804	0.00429	0.01578	-3.57804	0.15349	0.01578	0.00789	0.00789
CCG	CCT	GT	1.80590	0.00194	0.00420	-1.80590	0.01183	0.00420	0.00420	0.00420
CCG	CCC	GC	1.06256	0.00374	0.00608	-1.06256	0.01083	0.00608	0.00608	0.00608
CCG	CCA	GA	0.85201	0.01066	0.01584	-0.85201	0.02499	0.01584	0.01584	0.01584
CAT	TAT	CT	0.79299	0.01189	0.01722	-0.79299	0.02627	0.01722	0.00861	0.00861
CAT	CTT	AT	1.42497	0.00539	0.01011	-1.42497	0.02241	0.01011	0.00506	0.00506
CAT	CCT	AC	0.69851	0.01038	0.01443	-0.69851	0.02087	0.01443	0.00721	0.00721
CAC	TAC	CT	0.69722	0.02280	0.03166	-0.69722	0.04578	0.03166	0.01583	0.01583
CAC	CTC	AT	0.98498	0.01034	0.01625	-0.98498	0.02769	0.01625	0.00813	0.00813
CAC	CCC	AC	-0.04076	0.01991	0.01951	0.04076	0.01912	0.01951	0.00975	0.00975
CAC	CAT	CT	0.00407	0.02280	0.02285	-0.00407	0.02289	0.02285	0.02285	0.02285
CAA	CTA	AT	-0.12320	0.01193	0.01121	0.12320	0.01055	0.01121	0.00560	0.00560
CAA	CCA	AC	-0.13891	0.02297	0.02142	0.13891	0.01999	0.02142	0.01071	0.01071
CAA	CAT	AT	0.11647	0.01193	0.01264	-0.11647	0.01340	0.01264	0.00632	0.00632
CAA	CAC	AC	0.11240	0.02297	0.02429	-0.11240	0.02571	0.02429	0.01215	0.01215
CAG	CTG	AT	1.01923	0.03243	0.05172	-1.01923	0.08987	0.05172	0.02586	0.02586
CAG	CCG	AC	-2.55882	0.06246	0.01341	2.55882	0.00483	0.01341	0.00670	0.00670
CAG	CAT	GT	-1.45142	0.03243	0.01440	1.45142	0.00760	0.01440	0.00720	0.00720
CAG	CAC	GC	-1.45549	0.06246	0.02766	1.45549	0.01457	0.02766	0.01383	0.01383
CAG	CAA	GA	-1.56789	0.17782	0.07344	1.56789	0.03707	0.07344	0.07344	0.07344
CGT	TGT	CT	1.19770	0.00487	0.00836	-1.19770	0.01614	0.00836	0.00418	0.00418
CGT	CTT	GT	1.74917	0.00221	0.00468	-1.74917	0.01270	0.00468	0.00234	0.00234
CGT	CCT	GC	1.02270	0.00425	0.00679	-1.02270	0.01183	0.00679	0.00340	0.00340
CGT	CAT	GA	0.32419	0.01211	0.01418	-0.32419	0.01675	0.01418	0.00709	0.00709
CGC	TGC	CT	1.07523	0.00896	0.01463	-1.07523	0.02627	0.01463	0.00732	0.00732
CGC	CTC	GT	1.35071	0.00406	0.00741	-1.35071	0.01569	0.00741	0.00371	0.00371
CGC	CCC	GC	0.32496	0.00783	0.00917	-0.32496	0.01083	0.00917	0.00458	0.00458
CGC	CAC	GA	0.36573	0.02229	0.02661	-0.36573	0.03213	0.02661	0.01331	0.01331
CGC	CGT	CT	0.04561	0.00896	0.00917	-0.04561	0.00938	0.00917	0.00917	0.00917
CGA	CTA	GT	0.57668	0.00336	0.00442	-0.57668	0.00598	0.00442	0.00221	0.00221
CGA	CCA	GC	0.56097	0.00647	0.00845	-0.56097	0.01133	0.00845	0.00422	0.00422
CGA	CAA	GA	0.69988	0.01841	0.02560	-0.69988	0.03707	0.02560	0.01280	0.01280
CGA	CGT	AT	0.49216	0.00336	0.00425	-0.49216	0.00549	0.00425	0.00425	0.00425
CGA	CGC	AC	0.44656	0.00647	0.00802	-0.44656	0.01011	0.00802	0.00802	0.00802
CGG	TGG	CT	-0.20140	0.02066	0.01865	0.20140	0.01689	0.01865	0.00932	0.00932
CGG	CTG	GT	1.69335	0.00937	0.01944	-1.69335	0.05093	0.01944	0.00972	0.00972
CGG	CCG	GC	-1.88470	0.01804	0.00609	1.88470	0.00274	0.00609	0.00304	0.00304
CGG	CAG	GA	0.67412	0.05136	0.07060	-0.67412	0.10078	0.07060	0.03530	0.03530
CGG	CGT	GT	-1.10149	0.00937	0.00514	1.10149	0.00311	0.00514	0.00514	0.00514
CGG	CGC	GC	-1.14710	0.01804	0.00963	1.14710	0.00573	0.00963	0.00963	0.00963
CGG	CGA	GA	-1.59366	0.05136	0.02087	1.59366	0.01044	0.02087	0.02087	0.02087
ATT	TTT	AT	0.73090	0.01502	0.02118	-0.73090	0.03120	0.02118	0.01059	0.01059
ATT	CTT	AC	-0.25532	0.02893	0.02539	0.25532	0.02241	0.02539	0.01270	0.01270
ATC	TTC	AT	0.07620	0.03013	0.03130	-0.07620	0.03252	0.03130	0.01565	0.01565
ATC	CTC	AC	-0.74010	0.05803	0.03918	0.74010	0.02769	0.03918	0.01959	0.01959
ATC	ATT	CT	-0.04071	0.06645	0.06511	0.04071	0.06380	0.06511	0.06511	0.06511
ATA	TTA	AT	-0.10978	0.00981	0.00928	0.10978	0.00879	0.00928	0.00464	0.00464
ATA	CTA	AC	-0.58283	0.01889	0.01392	0.58283	0.01055	0.01392	0.00696	0.00696
ATA	ATT	AT	1.33714	0.00981	0.01779	-1.33714	0.03735	0.01779	0.01779	0.01779
ATA	ATC	AC	1.37786	0.01889	0.03480	-1.37786	0.07493	0.03480	0.03480	0.03480
ATG	TTG	AT	0.41074	0.01370	0.01670	-0.41074	0.02065	0.01670	0.00835	0.00835
ATG	CTG	AC	1.22579	0.02638	0.04577	-1.22579	0.08987	0.04577	0.02288	0.02288
ATG	ATT	GT	0.43544	0.01370	0.01689	-0.43544	0.02117	0.01689	0.00845	0.00845
ATG	ATC	GC	0.47615	0.02638	0.03315	-0.47615	0.04247	0.03315	0.01658	0.01658
ATG	ATA	GA	-0.90170	0.07510	0.04626	0.90170	0.03048	0.04626	0.02313	0.02313
ACT	TCT	AT	0.71921	0.00760	0.01066	-0.71921	0.01560	0.01066	0.00533	0.00533
ACT	CCT	AC	0.35503	0.01464	0.01739	-0.35503	0.02087	0.01739	0.00869	0.00869
ACT	ATT	CT	1.33682	0.01676	0.03038	-1.33682	0.06380	0.03038	0.01519	0.01519
ACC	TCC	AT	0.60396	0.01237	0.01648	-0.60396	0.02263	0.01648	0.00824	0.00824
ACC	CCC	AC	-0.22023	0.02383	0.02130	0.22023	0.01912	0.02130	0.01065	0.01065
ACC	ATC	CT	1.54561	0.02728	0.05359	-1.54561	0.12797	0.05359	0.02680	0.02680
ACC	ACT	CT	0.16808	0.02728	0.02964	-0.16808	0.03227	0.02964	0.02964	0.02964
ACA	TCA	AT	0.31387	0.00963	0.01122	-0.31387	0.01318	0.01122	0.00561	0.00561
ACA	CCA	AC	0.07502	0.01855	0.01925	-0.07502	0.01999	0.01925	0.00963	0.00963
ACA	ATA	CT	0.67355	0.02124	0.02919	-0.67355	0.04166	0.02919	0.01460	0.01460
ACA	ACT	AT	0.67387	0.00963	0.01324	-0.67387	0.01890	0.01324	0.01324	0.01324
ACA	ACC	AC	0.50580	0.01855	0.02363	-0.50580	0.03076	0.02363	0.02363	0.02363
ACG	TCG	AT	0.41444	0.00406	0.00497	-0.41444	0.00615	0.00497	0.00248	0.00248
ACG	CCG	AC	-0.48210	0.00783	0.00609	0.48210	0.00483	0.00609	0.00305	0.00305
ACG	ATG	CT	1.87016	0.00896	0.01982	-1.87016	0.05817	0.01982	0.00991	0.00991
ACG	ACT	GT	0.96878	0.00406	0.00635	-0.96878	0.01071	0.00635	0.00635	0.00635
ACG	ACC	GC	0.80070	0.00783	0.01138	-0.80070	0.01743	0.01138	0.01138	0.01138
ACG	ACA	GA	0.29490	0.02229	0.02574	-0.29490	0.02993	0.02574	0.02574	0.02574
AAT	TAT	AT	0.02357	0.01502	0.01520	-0.02357	0.01538	0.01520	0.00760	0.00760
AAT	CAT	AC	-0.76942	0.02893	0.01921	0.76942	0.01340	0.01921	0.00961	0.00961
AAT	ATT	AT	0.91088	0.01502	0.02289	-0.91088	0.03735	0.02289	0.01144	0.01144
AAT	ACT	AC	-0.42595	0.02893	0.02321	0.42595	0.01890	0.02321	0.01160	0.01160
AAC	TAC	AT	0.77325	0.01237	0.01776	-0.77325	0.02681	0.01776	0.00888	0.00888
AAC	CAC	AC	0.07603	0.02383	0.02474	-0.07603	0.02571	0.02474	0.01237	0.01237
AAC	ATC	AT	1.80112	0.01237	0.02669	-1.80112	0.07493	0.02669	0.01334	0.01334
AAC	ACC	AC	0.25550	0.02383	0.02700	-0.25550	0.03076	0.02700	0.01350	0.01350
AAC	AAT	CT	0.84953	0.02728	0.04049	-0.84953	0.06380	0.04049	0.04049	0.04049
AAA	CAA	AC	-0.47401	0.04765	0.03725	0.47401	0.02966	0.03725	0.01862	0.01862
AAA	ATA	AT	-0.01438	0.02474	0.02457	0.01438	0.02439	0.02457	0.01228	0.01228
AAA	ACA	AC	-0.68794	0.04765	0.03313	0.68794	0.02395	0.03313	0.01656	0.01656
AAA	AAT	AT	0.41188	0.02474	0.03019	-0.41188	0.03735	0.03019	0.01509	0.01509
AAA	AAC	AC	-0.43764	0.04765	0.03798	0.43764	0.03076	0.03798	0.01899	0.01899
AAG	CAG	AC	0.25278	0.06263	0.07088	-0.25278	0.08064	0.07088	0.03544	0.03544
AAG	ATG	AT	0.04622	0.03252	0.03328	-0.04622	0.03406	0.03328	0.01664	0.01664
AAG	ACG	AC	-1.82394	0.06263	0.02198	1.82394	0.01011	0.02198	0.01099	0.01099
AAG	AAT	GT	-0.42922	0.03252	0.02604	0.42922	0.02117	0.02604	0.01302	0.01302
AAG	AAC	GC	-1.27874	0.06263	0.03090	1.27874	0.01743	0.03090	0.01545	0.01545
AAG	AAA	GA	-0.84110	0.17831	0.11371	0.84110	0.07689	0.11371	0.11371	0.11371
AGT	TGT	AT	0.22942	0.00751	0.00841	-0.22942	0.00945	0.00841	0.00420	0.00420
AGT	CGT	AC	-0.96827	0.01447	0.00858	0.96827	0.00549	0.00858	0.00429	0.00429
AGT	ATT	GT	1.03622	0.00751	0.01206	-1.03622	0.02117	0.01206	0.00603	0.00603
AGT	ACT	GC	-0.30061	0.01447	0.01240	0.30061	0.01071	0.01240	0.00620	0.00620
AGT	AAT	GA	0.12534	0.04119	0.04382	-0.12534	0.04668	0.04382	0.02191	0.02191
AGC	TGC	AT	0.09047	0.01405	0.01470	-0.09047	0.01538	0.01470	0.00735	0.00735
AGC	CGC	AC	-0.98476	0.02706	0.01589	0.98476	0.01011	0.01589	0.00794	0.00794
AGC	ATC	GT	1.10605	0.01405	0.02322	-1.10605	0.04247	0.02322	0.01161	0.01161
AGC	ACC	GC	-0.43956	0.02706	0.02155	0.43956	0.01743	0.02155	0.01077	0.01077
AGC	AAC	GA	-0.69507	0.07704	0.05334	0.69507	0.03845	0.05334	0.02667	0.02667
AGC	AGT	CT	0.02912	0.03098	0.03144	-0.02912	0.03190	0.03144	0.03144	0.03144
AGA	CGA	AC	-0.98971	0.02246	0.01315	0.98971	0.00835	0.01315	0.01315	0.01315
AGA	ATA	GT	0.16980	0.01166	0.01268	-0.16980	0.01382	0.01268	0.00634	0.00634
AGA	ACA	GC	-0.50376	0.02246	0.01728	0.50376	0.01357	0.01728	0.00864	0.00864
AGA	AAA	GA	0.18418	0.06396	0.07003	-0.18418	0.07689	0.07003	0.03501	0.03501
AGA	AGT	AT	0.47072	0.01166	0.01462	-0.47072	0.01868	0.01462	0.00731	0.00731
AGA	AGC	AC	0.44161	0.02246	0.02779	-0.44161	0.03494	0.02779	0.01389	0.01389
AGG	TGG	AT	0.20668	0.00804	0.00890	-0.20668	0.00989	0.00890	0.00445	0.00445
AGG	CGG	AC	0.40808	0.01549	0.01886	-0.40808	0.02329	0.01886	0.01886	0.01886
AGG	ATG	GT	0.87563	0.00804	0.01207	-0.87563	0.01930	0.01207	0.00603	0.00603
AGG	ACG	GC	-0.99452	0.01549	0.00904	0.99452	0.00573	0.00904	0.00452	0.00452
AGG	AAG	GA	0.82942	0.04409	0.06488	-0.82942	0.10106	0.06488	0.03244	0.03244
AGG	AGT	GT	0.27486	0.00804	0.00920	-0.27486	0.01059	0.00920	0.00460	0.00460
AGG	AGC	GC	0.24574	0.01549	0.01747	-0.24574	0.01980	0.01747	0.00873	0.00873
AGG	AGA	GA	-0.19586	0.04409	0.03992	0.19586	0.03625	0.03992	0.03992	0.03992
GTT	TTT	GT	0.95509	0.00680	0.01056	-0.95509	0.01768	0.01056	0.00528	0.00528
GTT	CTT	GC	-0.03114	0.01310	0.01290	0.03114	0.01270	0.01290	0.00645	0.00645
GTT	ATT	GA	0.22419	0.03731	0.04165	-0.22419	0.04668	0.04165	0.02082	0.02082
GTC	TTC	GT	0.52810	0.01087	0.01399	-0.52810	0.01843	0.01399	0.00700	0.00700
GTC	CTC	GC	-0.28820	0.02093	0.01806	0.28820	0.01569	0.01806	0.00903	0.00903
GTC	ATC	GA	0.45189	0.05960	0.07407	-0.45189	0.09364	0.07407	0.03704	0.03704
GTC	GTT	CT	0.18699	0.02397	0.02628	-0.18699	0.02890	0.02628	0.02628	0.02628
GTA	TTA	GT	0.18180	0.00415	0.00454	-0.18180	0.00498	0.00454	0.00227	0.00227
GTA	CTA	GC	-0.29125	0.00800	0.00689	0.29125	0.00598	0.00689	0.00345	0.00345
GTA	ATA	GA	0.29158	0.02277	0.02625	-0.29158	0.03048	0.02625	0.01313	0.01313
GTA	GTT	AT	1.40453	0.00415	0.00773	-1.40453	0.01692	0.00773	0.00773	0.00773
GTA	GTC	AC	1.21754	0.00800	0.01383	-1.21754	0.02703	0.01383	0.01383	0.01383
GTG	TTG	GT	-0.63909	0.02218	0.01584	0.63909	0.01171	0.01584	0.00792	0.00792
GTG	CTG	GC	0.17596	0.04272	0.04658	-0.17596	0.05093	0.04658	0.02329	0.02329
GTG	ATG	GA	-1.04983	0.12162	0.06875	1.04983	0.04257	0.06875	0.03437	0.03437
GTG	GTT	GT	-0.83858	0.02218	0.01417	0.83858	0.00959	0.01417	0.01417	0.01417
GTG	GTC	GC	-1.02557	0.04272	0.02449	1.02557	0.01532	0.02449	0.02449	0.02449
GTG	GTA	GA	-2.24311	0.12162	0.03239	2.24311	0.01291	0.03239	0.03239	0.03239
GCT	TCT	GT	-0.41813	0.01343	0.01082	0.41813	0.00884	0.01082	0.00541	0.00541
GCT	CCT	GC	-0.78231	0.02587	0.01706	0.78231	0.01183	0.01706	0.00853	0.00853
GCT	ACT	GA	-1.13734	0.07365	0.03954	1.13734	0.02362	0.03954	0.01977	0.01977
GCT	GTT	CT	-0.02470	0.02962	0.02926	0.02470	0.02890	0.02926	0.01463	0.01463
GCC	TCC	GT	-0.20399	0.01573	0.01418	0.20399	0.01283	0.01418	0.00709	0.00709
GCC	CCC	GC	-1.02818	0.03029	0.01734	1.02818	0.01083	0.01734	0.00867	0.00867
GCC	ACC	GA	-0.80795	0.08625	0.05605	0.80795	0.03845	0.05605	0.02802	0.02802
GCC	GTC	CT	0.28577	0.03469	0.03988	-0.28577	0.04616	0.03988	0.01994	0.01994
GCC	GCT	CT	0.49747	0.03469	0.04403	-0.49747	0.05704	0.04403	0.04403	0.04403
GCA	TCA	GT	-0.16776	0.00884	0.00812	0.16776	0.00747	0.00812	0.00406	0.00406
GCA	CCA	GC	-0.40661	0.01702	0.01379	0.40661	0.01133	0.01379	0.00690	0.00690
GCA	ACA	GA	-0.48163	0.04845	0.03772	0.48163	0.02993	0.03772	0.01886	0.01886
GCA	GTA	CT	-0.09965	0.01949	0.01853	0.09965	0.01764	0.01853	0.00927	0.00927
GCA	GCT	AT	1.32959	0.00884	0.01598	-1.32959	0.03340	0.01598	0.01598	0.01598
GCA	GCC	AC	0.83212	0.01702	0.02507	-0.83212	0.03911	0.02507	0.02507	0.02507
GCG	TCG	GT	0.53978	0.00203	0.00263	-0.53978	0.00349	0.00263	0.00132	0.00132
GCG	CCG	GC	-0.35675	0.00391	0.00326	0.35675	0.00274	0.00326	0.00163	0.00163
GCG	ACG	GA	0.12534	0.01114	0.01186	-0.12534	0.01263	0.01186	0.00593	0.00593
GCG	GTG	CT	3.04533	0.00448	0.01433	-3.04533	0.09420	0.01433	0.00717	0.00717
GCG	GCT	GT	2.23146	0.00203	0.00508	-2.23146	0.01893	0.00508	0.00508	0.00508
GCG	GCC	GC	1.73399	0.00391	0.00824	-1.73399	0.02217	0.00824	0.00824	0.00824
GCG	GCA	GA	0.90187	0.01114	0.01691	-0.90187	0.02746	0.01691	0.01691	0.01691
GAT	TAT	GT	-0.47103	0.01396	0.01093	0.47103	0.00872	0.01093	0.00547	0.00547
GAT	CAT	GC	-1.26402	0.02689	0.01338	1.26402	0.00760	0.01338	0.00669	0.00669
GAT	AAT	GA	-0.49460	0.07656	0.05918	0.49460	0.04668	0.05918	0.02959	0.02959
GAT	GTT	AT	0.19209	0.01396	0.01535	-0.19209	0.01692	0.01535	0.00767	0.00767
GAT	GCT	AC	0.21679	0.02689	0.02991	-0.21679	0.03340	0.02991	0.01495	0.01495
GAC	TAC	GT	-0.50540	0.02518	0.01935	0.50540	0.01519	0.01935	0.00968	0.00968
GAC	CAC	GC	-1.20262	0.04850	0.02505	1.20262	0.01457	0.02505	0.01252	0.01252
GAC	AAC	GA	-1.27865	0.13809	0.06813	1.27865	0.03845	0.06813	0.03406	0.03406
GAC	GTC	AT	0.07057	0.02518	0.02608	-0.07057	0.02703	0.02608	0.01304	0.01304
GAC	GCC	AC	-0.21520	0.04850	0.04347	0.21520	0.03911	0.04347	0.02174	0.02174
GAC	GAT	CT	0.06548	0.05554	0.05737	-0.06548	0.05929	0.05737	0.05737	0.05737
GAA	CAA	GC	-1.22414	0.05718	0.02915	1.22414	0.01681	0.02915	0.01458	0.01458
GAA	AAA	GA	-0.75013	0.16280	0.10930	0.75013	0.07689	0.10930	0.05465	0.05465
GAA	GTA	AT	-1.05609	0.02969	0.01672	1.05609	0.01033	0.01672	0.00836	0.00836
GAA	GCA	AC	-0.95644	0.05718	0.03413	0.95644	0.02197	0.03413	0.01707	0.01707
GAA	GAT	AT	0.15636	0.02969	0.03207	-0.15636	0.03472	0.03207	0.01604	0.01604
GAA	GAC	AC	0.09088	0.05718	0.05982	-0.09088	0.06262	0.05982	0.02991	0.02991
GAG	CAG	GC	-0.46840	0.07301	0.05724	0.46840	0.04570	0.05724	0.02862	0.02862
GAG	AAG	GA	-0.72118	0.20786	0.14184	0.72118	0.10106	0.14184	0.07092	0.07092
GAG	GTG	AT	0.37487	0.03791	0.04546	-0.37487	0.05515	0.04546	0.02273	0.02273
GAG	GCG	AC	-2.67046	0.07301	0.01450	2.67046	0.00505	0.01450	0.00725	0.00725
GAG	GAT	GT	-0.65579	0.03791	0.02683	0.65579	0.01968	0.02683	0.01341	0.01341
GAG	GAC	GC	-0.72127	0.07301	0.04982	0.72127	0.03549	0.04982	0.02491	0.02491
GAG	GAA	GA	-0.81215	0.20786	0.13476	0.81215	0.09227	0.13476	0.13476	0.13476
GGT	TGT	GT	0.04383	0.00513	0.00524	-0.04383	0.00535	0.00524	0.00262	0.00262
GGT	CGT	GC	-1.15387	0.00987	0.00525	1.15387	0.00311	0.00525	0.00262	0.00262
GGT	AGT	GA	-0.18560	0.02810	0.02558	0.18560	0.02334	0.02558	0.01279	0.01279
GGT	GTT	GT	0.62643	0.00513	0.00690	-0.62643	0.00959	0.00690	0.00345	0.00345
GGT	GCT	GC	0.65113	0.00987	0.01343	-0.65113	0.01893	0.01343	0.00672	0.00672
GGT	GAT	GA	0.43435	0.02810	0.03465	-0.43435	0.04339	0.03465	0.01732	0.01732
GGC	TGC	GT	-0.26047	0.01131	0.00990	0.26047	0.00872	0.00990	0.00495	0.00495
GGC	CGC	GC	-1.33569	0.02178	0.01038	1.33569	0.00573	0.01038	0.00519	0.00519
GGC	AGC	GA	-0.35093	0.06202	0.05177	0.35093	0.04366	0.05177	0.02589	0.02589
GGC	GTC	GT	0.30322	0.01131	0.01311	-0.30322	0.01532	0.01311	0.00656	0.00656
GGC	GCC	GC	0.01745	0.02178	0.02197	-0.01745	0.02217	0.02197	0.01099	0.01099
GGC	GAC	GA	0.23265	0.06202	0.06951	-0.23265	0.07827	0.06951	0.03476	0.03476
GGC	GGT	CT	-0.13622	0.02494	0.02328	0.13622	0.02177	0.02328	0.02328	0.02328
GGA	CGA	GC	-1.20732	0.01583	0.00815	1.20732	0.00473	0.00815	0.00408	0.00408
GGA	AGA	GA	-0.21760	0.04506	0.04034	0.21760	0.03625	0.04034	0.02017	0.02017
GGA	GTA	GT	-0.33938	0.00822	0.00690	0.33938	0.00585	0.00690	0.00345	0.00345
GGA	GCA	GC	-0.23973	0.01583	0.01401	0.23973	0.01245	0.01401	0.00700	0.00700
GGA	GAA	GA	0.71671	0.04506	0.06312	-0.71671	0.09227	0.06312	0.03156	0.03156
GGA	GGT	AT	0.43872	0.00822	0.01015	-0.43872	0.01274	0.01015	0.01015	0.01015
GGA	GGC	AC	0.57493	0.01583	0.02081	-0.57493	0.02812	0.02081	0.02081	0.02081
GGG	TGG	GT	-0.43524	0.00866	0.00691	0.43524	0.00560	0.00691	0.00346	0.00346
GGG	CGG	GC	-0.23383	0.01668	0.01480	0.23383	0.01320	0.01480	0.00740	0.00740
GGG	AGG	GA	-0.64191	0.04748	0.03386	0.64191	0.02499	0.03386	0.01693	0.01693
GGG	GTG	GT	1.28355	0.00866	0.01538	-1.28355	0.03126	0.01538	0.00769	0.00769
GGG	GCG	GC	-1.76178	0.01668	0.00609	1.76178	0.00286	0.00609	0.00305	0.00305
GGG	GAG	GA	0.90868	0.04748	0.07228	-0.90868	0.11781	0.07228	0.03614	0.03614
GGG	GGT	GT	-0.18146	0.00866	0.00790	0.18146	0.00722	0.00790	0.00790	0.00790
GGG	GGC	GC	-0.04524	0.01668	0.01630	0.04524	0.01594	0.01630	0.01630	0.01630
GGG	GGA	GA	-0.62017	0.04748	0.03427	0.62017	0.02554	0.03427	0.03427	0.03427


Histograms
2Ns	FMut	FSub(CodonUsage)	FSubw(after w)

-3.40766	0.01046	0.00123	0.00098
-3.06690	0.00642	0.00112	0.00089
-2.72613	0.02273	0.00517	0.00650
-2.38536	0.00957	0.00293	0.00466
-2.04460	0.00335	0.00115	0.00092
-1.70383	0.05492	0.02447	0.02667
-1.36306	0.07490	0.04134	0.04285
-1.02230	0.09177	0.06109	0.05779
-0.68153	0.17003	0.13144	0.13810
-0.34077	0.16019	0.15432	0.14196
0.00000	0.13229	0.15149	0.15736
0.34077	0.11459	0.15432	0.14196
0.68153	0.08102	0.13144	0.13810
1.02230	0.03367	0.06109	0.05779
1.36306	0.02006	0.04134	0.04285
1.70383	0.01042	0.02447	0.02667
2.04460	0.00043	0.00115	0.00092
2.38536	0.00102	0.00293	0.00466
2.72613	0.00157	0.00517	0.00650
3.06690	0.00031	0.00112	0.00089
3.40766	0.00029	0.00123	0.00098

Proportion of advantageous (S > 0) mutations:
 0.32691

Proportions of good & bad mutations (|S| > 2.0000) among mutations:
0.00343  0.05130

mean |Ns| = 0.80474	mean Ns+ = 0.57822	mean Ns- = -0.91476

