

TREE # 1

  0  0.0000  18232.944106  x:  0.12271   0.11480   0.08925   0.08540   0.00000   0.10817   0.03494   0.10443   0.03415   0.05091   0.06543   0.02052   0.04858   0.09516   0.10084   0.07924   0.04804   0.11312   0.06240   0.11540   0.13163   0.53687   0.56731   0.54189   0.56108   0.41244   0.55239  
  1 99.0000  15546.433084  x:  0.69519   0.32298   0.25835   0.07180   0.23208   0.99126   0.06288   0.03496   0.10650   0.16716   0.26439   0.85028   0.10377   0.06279   0.26885   0.41845   0.52071   0.24331   0.32905   0.33330   0.41189   0.78765   0.54448   0.53929   0.61059   0.32694   0.55356  
  2 9472.9252  15385.837630  x:  0.73542   0.32451   0.25232   0.04608   0.16462   1.02393   0.00527   0.00000   0.07579   0.14684   0.24965   0.82485   0.07723   0.04243   0.25226   0.41678   0.52118   0.24058   0.31965   0.34145   0.42978   0.88040   0.52985   0.54061   0.63503   0.25170   0.55522  
  3 1311.1652  15369.530517  x:  0.73919   0.32466   0.25177   0.04383   0.15837   1.02700   0.00000   0.00083   0.07299   0.14496   0.24829   0.82250   0.07481   0.04060   0.25072   0.41663   0.52124   0.24033   0.31878   0.34221   0.43145   0.88902   0.52848   0.54073   0.63731   0.24482   0.55538  
  4 20485.7479  15237.140531  x:  0.82147   0.32904   0.24542   0.11008   0.03023   1.09296   0.00000   0.00041   0.08257   0.10624   0.22264   0.74583   0.07921   0.09206   0.21852   0.41235   0.51759   0.23749   0.29677   0.35088   0.45963   1.04707   0.49579   0.54189   0.69099   0.27381   0.56264  
  5 1257.3848  15210.210668  x:  0.84625   0.33007   0.24355   0.12666   0.00000   1.11251   0.02383   0.00030   0.08434   0.09455   0.21482   0.72093   0.07975   0.10595   0.20885   0.41083   0.51595   0.23659   0.28979   0.35308   0.46775   1.09461   0.48586   0.54252   0.70722   0.28345   0.56495  
  6 7665.1411  15150.648598  x:  0.90250   0.32988   0.23742   0.15009   0.02157   1.15153   0.03682   0.00000   0.08197   0.06490   0.19346   0.64762   0.07668   0.13419   0.18388   0.40353   0.50622   0.23303   0.26934   0.35573   0.48467   1.21105   0.46167   0.54505   0.74702   0.30466   0.57085  
  7 2092.3414  15067.468702  x:  1.01696   0.32409   0.26367   0.04157   0.01026   1.23702   0.02981   0.00124   0.04894   0.07345   0.19777   0.47450   0.04505   0.09869   0.20127   0.40878   0.48771   0.24207   0.24553   0.34156   0.49616   1.36512   0.43529   0.57600   0.80169   0.41312   0.58859  
  8 815.1098  15021.294810  x:  1.09404   0.30833   0.28495   0.02575   0.01237   1.29311   0.02788   0.00076   0.10431   0.09325   0.20989   0.33701   0.06640   0.02929   0.23939   0.41467   0.46839   0.25230   0.23872   0.32206   0.49340   1.44823   0.44036   0.62021   0.82133   0.39126   0.60340  
  9 728.0278  14999.847818  x:  1.14274   0.29321   0.29923   0.01385   0.01429   1.32883   0.02790   0.00050   0.08792   0.11079   0.22232   0.25433   0.08521   0.05762   0.27442   0.42026   0.45540   0.26095   0.24221   0.30597   0.48629   1.48112   0.45802   0.65984   0.82420   0.34473   0.61510  
 10 635.1611  14993.154226  x:  1.16028   0.28711   0.30385   0.02862   0.01609   1.34092   0.02785   0.00016   0.06858   0.11640   0.22673   0.22943   0.07414   0.05530   0.28727   0.42202   0.45041   0.26376   0.24408   0.29997   0.48282   1.48875   0.46623   0.67571   0.82471   0.33236   0.62015  
 11 680.3601  14989.314241  x:  1.18389   0.27168   0.28519   0.02411   0.01570   1.34969   0.02701   0.00011   0.07232   0.09104   0.21459   0.23313   0.05629   0.05670   0.29109   0.41519   0.43706   0.26086   0.24666   0.29390   0.47589   1.48805   0.49117   0.70902   0.82578   0.32929   0.63256  
 12 120.3033  14986.923297  x:  1.20668   0.25831   0.27393   0.02545   0.01523   1.35488   0.02668   0.00014   0.06120   0.07837   0.20714   0.23577   0.07098   0.04870   0.29317   0.41088   0.42398   0.25810   0.24788   0.28931   0.46945   1.48686   0.51480   0.74497   0.82965   0.33565   0.64629  
 13 170.8843  14984.101118  x:  1.24244   0.24385   0.27489   0.02837   0.01532   1.35319   0.02761   0.00026   0.06940   0.09304   0.20790   0.23411   0.06375   0.05607   0.29312   0.40982   0.40560   0.25537   0.24701   0.28597   0.46101   1.48451   0.55033   0.81127   0.84489   0.34600   0.67271  
 14 131.9049  14980.712415  x:  1.27488   0.25893   0.28594   0.02628   0.01533   1.30787   0.02760   0.00021   0.06673   0.11120   0.20936   0.25434   0.06580   0.05307   0.25509   0.40493   0.40383   0.25632   0.23897   0.30304   0.46707   1.48582   0.57858   0.91076   0.91321   0.34182   0.72032  
 15 78.5067  14978.615366  x:  1.27797   0.27872   0.28293   0.02743   0.01551   1.27355   0.02814   0.00021   0.06751   0.09563   0.21705   0.25828   0.06538   0.05461   0.28107   0.41047   0.42269   0.26847   0.25308   0.29717   0.46499   1.48916   0.58622   0.97646   0.98880   0.34217   0.75163  
 16 71.9695  14977.389234  x:  1.25590   0.26916   0.28558   0.02760   0.01544   1.28418   0.02811   0.00022   0.06731   0.09189   0.21169   0.25712   0.06512   0.05484   0.28858   0.42706   0.43715   0.24302   0.24016   0.29145   0.46928   1.48116   0.59783   1.00650   1.04867   0.33953   0.76095  
 17 37.2367  14975.903369  x:  1.21482   0.24636   0.28729   0.02731   0.01520   1.31299   0.02795   0.00025   0.06716   0.09267   0.20271   0.24805   0.06404   0.05395   0.27388   0.43096   0.44884   0.25580   0.25520   0.29031   0.47605   1.47157   0.62340   1.03570   1.12344   0.33750   0.76238  
 18 58.0634  14974.734108  x:  1.18538   0.24152   0.28373   0.02751   0.01547   1.33250   0.02816   0.00025   0.06676   0.09810   0.22132   0.25796   0.06426   0.05397   0.27898   0.40392   0.44099   0.26410   0.24190   0.29318   0.46965   1.48285   0.64893   1.04849   1.17082   0.33589   0.74937  
 19 35.6557  14972.293609  x:  1.16482   0.30185   0.28288   0.02775   0.01540   1.34951   0.02836   0.00028   0.06604   0.10248   0.20247   0.25225   0.06318   0.05317   0.28204   0.39346   0.42719   0.25120   0.24991   0.31294   0.44791   1.49752   0.70721   1.06257   1.21122   0.33378   0.69493  
 20 22.8970  14968.288384  x:  1.16710   0.32395   0.27227   0.02838   0.01514   1.33635   0.02863   0.00032   0.06557   0.08589   0.23137   0.25755   0.06163   0.05295   0.26693   0.44726   0.37409   0.25304   0.25636   0.31672   0.44985   1.51982   0.73705   1.07219   1.24885   0.32644   0.61511  
 21 35.6730  14958.429901  x:  1.23019   0.29845   0.29883   0.03050   0.01442   1.29006   0.02923   0.00039   0.06592   0.08684   0.17557   0.28291   0.06053   0.05470   0.28383   0.42747   0.34898   0.27099   0.24456   0.28495   0.49878   1.54169   0.71131   1.07551   1.29167   0.30421   0.50453  
 22 37.8171  14947.154903  x:  1.29824   0.28348   0.25822   0.03323   0.01281   1.26581   0.02924   0.00055   0.06738   0.06730   0.21497   0.25533   0.05693   0.05536   0.24586   0.37453   0.41948   0.24152   0.25106   0.28156   0.51709   1.54952   0.68227   1.06451   1.28969   0.27907   0.48475  
 23 58.6569  14936.761082  x:  1.28131   0.25448   0.22922   0.03544   0.01231   1.23888   0.02982   0.00062   0.06601   0.08250   0.18416   0.27354   0.05562   0.05532   0.24638   0.40695   0.44705   0.25759   0.23887   0.31562   0.45695   1.65028   0.67269   1.01786   1.24552   0.25992   0.62019  
 24 62.4419  14934.814395  x:  1.26028   0.25280   0.26853   0.03550   0.01223   1.23587   0.02997   0.00064   0.06675   0.05665   0.19072   0.27567   0.05450   0.05572   0.24831   0.40273   0.44268   0.24848   0.24872   0.32218   0.47204   1.67712   0.68023   1.01858   1.22088   0.25909   0.65664  
 25 57.6761  14933.997416  x:  1.23364   0.26744   0.25970   0.03566   0.01227   1.24019   0.03004   0.00065   0.06602   0.06283   0.19029   0.27968   0.05403   0.05543   0.24585   0.40193   0.44157   0.24487   0.25253   0.29440   0.50355   1.69991   0.67974   1.03776   1.19587   0.26130   0.67180  
 26 26.5806  14933.718155  x:  1.22101   0.27166   0.25729   0.03604   0.01219   1.24829   0.02996   0.00066   0.06590   0.05865   0.18835   0.27703   0.05346   0.05580   0.24724   0.40371   0.44283   0.25233   0.24271   0.30451   0.50716   1.70225   0.66499   1.06026   1.18240   0.26235   0.66906  
 27 10.5976  14933.365572  x:  1.20754   0.27061   0.26088   0.03616   0.01215   1.25627   0.02988   0.00066   0.06583   0.05764   0.18756   0.28118   0.05337   0.05601   0.24221   0.40176   0.44311   0.24791   0.24840   0.30432   0.49089   1.71304   0.63966   1.08727   1.17135   0.26338   0.66133  
 28 18.0012  14932.980310  x:  1.20320   0.26043   0.25446   0.03640   0.01223   1.25120   0.03008   0.00066   0.06549   0.06341   0.18693   0.28188   0.05363   0.05592   0.24789   0.39956   0.44418   0.23850   0.25957   0.31887   0.49471   1.72585   0.63553   1.09649   1.16959   0.26628   0.65635  
 29  6.7124  14927.716014  x:  1.21781   0.21631   0.26482   0.03922   0.01158   1.20874   0.03180   0.00067   0.06678   0.05592   0.18485   0.27823   0.05703   0.05540   0.23607   0.41142   0.51762   0.25022   0.23836   0.31226   0.47931   1.83444   0.69202   1.13185   1.17678   0.29047   0.63391  
 30  9.3850  14913.978314  x:  1.31079   0.26725   0.24825   0.04842   0.00925   1.24845   0.03467   0.00071   0.07304   0.04757   0.17463   0.25315   0.06805   0.05713   0.21979   0.37798   0.39471   0.24431   0.23785   0.29589   0.48727   1.92716   0.66280   1.13025   1.31817   0.31230   0.76212  
 31 26.5341  14906.720409  x:  1.33916   0.27517   0.26677   0.05470   0.00915   1.25638   0.03812   0.00097   0.05304   0.07414   0.19123   0.22744   0.05665   0.05198   0.24037   0.38342   0.39249   0.25512   0.22250   0.29918   0.48118   2.03749   0.65219   1.20821   1.42191   0.31206   0.77897  
 32  0.2234  14898.678788  x:  1.31429   0.29311   0.26668   0.06714   0.00999   1.28226   0.04480   0.00130   0.06536   0.07544   0.19052   0.24929   0.07469   0.05558   0.24813   0.41428   0.41754   0.24783   0.24022   0.31002   0.48872   2.18222   0.72787   1.37270   1.67284   0.29628   0.76586  
 33  0.2119  14891.229511  x:  1.39852   0.27641   0.26145   0.07505   0.00719   1.33493   0.04861   0.00199   0.04943   0.05015   0.17912   0.28363   0.05397   0.05575   0.23231   0.41383   0.44811   0.24525   0.24879   0.30170   0.49950   2.23500   0.72768   1.42073   1.88182   0.29431   0.77649  
 34  0.1388  14884.523763  x:  1.51681   0.25729   0.28065   0.07439   0.00565   1.48289   0.05050   0.00277   0.06642   0.06666   0.19078   0.27053   0.06480   0.05126   0.23075   0.39690   0.46656   0.26107   0.23108   0.30155   0.50493   2.21826   0.72931   1.44839   2.08944   0.28490   0.77208  
 35  0.1389  14881.573227  x:  1.57358   0.27251   0.26970   0.06741   0.00445   1.55355   0.04807   0.00339   0.05759   0.05906   0.19706   0.27859   0.06295   0.05339   0.24862   0.43013   0.47019   0.24915   0.25332   0.30351   0.50180   2.19538   0.77567   1.42638   2.14829   0.27856   0.74970  
 36  0.0689  14879.751081  x:  1.60345   0.26252   0.27207   0.05250   0.00440   1.58054   0.04197   0.00386   0.06007   0.06804   0.18447   0.29421   0.06248   0.05529   0.23329   0.42020   0.48631   0.25451   0.24603   0.30420   0.51174   2.20161   0.73512   1.37740   1.99606   0.27599   0.74370  
 37  0.0659  14878.717288  x:  1.60248   0.25965   0.27175   0.04680   0.00759   1.57601   0.03846   0.00407   0.06585   0.05999   0.19775   0.28753   0.06590   0.05367   0.24069   0.41736   0.48547   0.25538   0.24372   0.30052   0.50828   2.25927   0.70742   1.38663   1.83833   0.27947   0.76182  
 38  0.0794  14877.933933  x:  1.60793   0.26438   0.27281   0.05398   0.01138   1.57679   0.03727   0.00435   0.06240   0.06306   0.18922   0.28205   0.06401   0.05465   0.23706   0.42595   0.47912   0.25287   0.24936   0.30699   0.50698   2.30044   0.71790   1.42604   1.78291   0.28196   0.77913  
 39  0.0290  14876.966850  x:  1.65103   0.25545   0.26955   0.05424   0.01532   1.61000   0.03013   0.00519   0.05894   0.06417   0.18846   0.29243   0.06111   0.05506   0.24085   0.42228   0.48570   0.25600   0.24515   0.30196   0.50880   2.25769   0.67568   1.37567   1.64465   0.27859   0.77422  
 40  0.0505  14875.978267  x:  1.63744   0.25518   0.27167   0.06283   0.01757   1.60203   0.02750   0.00574   0.06320   0.06033   0.19910   0.28703   0.06563   0.05214   0.23595   0.41874   0.48946   0.25421   0.24471   0.30018   0.50793   2.19621   0.69236   1.33151   1.68486   0.27586   0.75654  
 41  0.0264  14874.000035  x:  1.55934   0.26813   0.27526   0.06061   0.02176   1.53946   0.01878   0.00734   0.06127   0.06449   0.18204   0.28172   0.06608   0.05390   0.23958   0.42204   0.47832   0.25122   0.25110   0.30620   0.50844   2.21609   0.70615   1.28288   1.59948   0.28418   0.74964  
 42  0.0308  14871.237589  x:  1.51837   0.26896   0.27046   0.05578   0.01897   1.52031   0.02238   0.01007   0.05658   0.06397   0.19175   0.28556   0.06118   0.05595   0.24439   0.42303   0.46405   0.25468   0.24696   0.30329   0.50758   2.24963   0.72859   1.36686   2.00405   0.28521   0.73943  
 43  0.1218  14869.583116  x:  1.57928   0.26321   0.27006   0.04768   0.02254   1.55749   0.01773   0.01295   0.06522   0.06149   0.19483   0.27930   0.06511   0.05320   0.23349   0.41579   0.47696   0.25277   0.24156   0.30193   0.50476   2.24598   0.74272   1.44205   2.03156   0.27896   0.75266  
 44  0.0493  14868.411946  x:  1.56738   0.26926   0.27104   0.05459   0.02713   1.52236   0.01889   0.01606   0.06226   0.06327   0.18394   0.27812   0.06570   0.05513   0.24516   0.41703   0.46530   0.25355   0.24814   0.30379   0.50305   2.23899   0.74842   1.47414   2.00979   0.28258   0.77770  
 45  0.0221  14867.215468  x:  1.56091   0.26548   0.26706   0.04663   0.02670   1.52184   0.01903   0.02004   0.05978   0.06345   0.19496   0.28616   0.06265   0.05517   0.23333   0.42281   0.46804   0.25290   0.24562   0.30409   0.50572   2.20460   0.71443   1.39554   1.83794   0.28342   0.77470  
 46  0.0658  14866.106907  x:  1.54820   0.26058   0.27100   0.05056   0.01944   1.53723   0.02768   0.02320   0.06526   0.06055   0.18982   0.28029   0.06554   0.05223   0.24001   0.41549   0.48049   0.25238   0.24058   0.30032   0.50496   2.18867   0.70053   1.31332   1.73559   0.28198   0.75480  
 47  0.0467  14865.528464  x:  1.54741   0.26596   0.26914   0.05010   0.01064   1.53743   0.03288   0.02457   0.06241   0.06337   0.18873   0.27989   0.06461   0.05446   0.23867   0.41832   0.46906   0.25337   0.24754   0.30447   0.50509   2.21567   0.71372   1.33977   1.77386   0.28408   0.74893  
 48  0.0286  14865.393659  x:  1.55785   0.26496   0.26858   0.05169   0.01008   1.52612   0.03107   0.02505   0.06209   0.06288   0.19094   0.28113   0.06435   0.05435   0.23853   0.41796   0.46670   0.25333   0.24505   0.30242   0.50483   2.20575   0.70789   1.36598   1.75590   0.28432   0.75782  
 49  0.0237  14865.386737  x:  1.55554   0.26441   0.26904   0.05141   0.01033   1.52375   0.03052   0.02513   0.06268   0.06277   0.19005   0.28066   0.06455   0.05402   0.23908   0.41781   0.46891   0.25311   0.24478   0.30231   0.50477   2.20413   0.70921   1.36714   1.76290   0.28417   0.75906  
 50  0.0073  14865.385964  x:  1.55503   0.26421   0.26894   0.05142   0.01020   1.52434   0.03055   0.02528   0.06267   0.06282   0.19017   0.28066   0.06455   0.05407   0.23896   0.41803   0.46943   0.25315   0.24504   0.30258   0.50467   2.20480   0.70972   1.36642   1.76431   0.28416   0.76008  
 51  0.0014  14865.385845  x:  1.55515   0.26417   0.26893   0.05145   0.01031   1.52460   0.03047   0.02531   0.06264   0.06282   0.19020   0.28072   0.06453   0.05409   0.23897   0.41805   0.46944   0.25316   0.24502   0.30259   0.50462   2.20506   0.70961   1.36651   1.76417   0.28415   0.76053  
 52  0.0007  14865.385830  x:  1.55521   0.26420   0.26895   0.05145   0.01030   1.52467   0.03048   0.02533   0.06264   0.06282   0.19018   0.28073   0.06453   0.05408   0.23900   0.41801   0.46935   0.25316   0.24496   0.30255   0.50463   2.20518   0.70956   1.36657   1.76435   0.28414   0.76045  
 53  0.0002  14865.385827  x:  1.55520   0.26423   0.26895   0.05145   0.01030   1.52464   0.03047   0.02533   0.06264   0.06282   0.19018   0.28072   0.06453   0.05408   0.23899   0.41801   0.46932   0.25316   0.24497   0.30256   0.50464   2.20517   0.70959   1.36656   1.76438   0.28414   0.76033  
 54  0.0001  14865.385827  x:  1.55522   0.26423   0.26895   0.05145   0.01030   1.52464   0.03047   0.02533   0.06264   0.06282   0.19018   0.28072   0.06453   0.05408   0.23899   0.41801   0.46933   0.25316   0.24497   0.30255   0.50464   2.20517   0.70959   1.36657   1.76439   0.28414   0.76031  
 55  0.0000  14865.385827  x:  1.55522   0.26423   0.26895   0.05145   0.01030   1.52464   0.03047   0.02533   0.06264   0.06282   0.19018   0.28072   0.06453   0.05408   0.23899   0.41801   0.46933   0.25316   0.24497   0.30255   0.50464   2.20518   0.70959   1.36657   1.76439   0.28414   0.76031  
 56  0.0000  14865.385827  x:  1.55522   0.26423   0.26895   0.05145   0.01030   1.52464   0.03047   0.02533   0.06264   0.06282   0.19018   0.28072   0.06453   0.05408   0.23899   0.41801   0.46933   0.25316   0.24497   0.30255   0.50464   2.20518   0.70959   1.36657   1.76439   0.28414   0.76031  