

TREE # 1

  0  0.0000  15977.595823  x:  0.46625   0.10991   0.05735   0.00000   0.01350   0.32067   0.13230   0.09329   0.08966   0.07810   0.11776   0.08599   0.03319   0.02080   0.10055   0.10054   0.09271   0.09050   0.09538   0.12473   0.21303   0.99270   0.78517   0.88369   1.09557   1.17103   0.15029   0.25670   1.98721  
  1 99.0000  15559.101884  x:  0.48731   0.13974   0.10255   0.11319   0.00000   0.36380   0.11651   0.08004   0.08529   0.09105   0.12823   0.11917   0.05180   0.04586   0.12217   0.14251   0.13150   0.11869   0.12192   0.14917   0.23733   1.00877   0.78340   0.88406   1.09629   1.17677   0.14536   0.20192   1.98694  
  2 5116.2511  14971.617541  x:  0.55534   0.20280   0.15773   0.03273   0.00000   0.49521   0.05121   0.01218   0.04869   0.10345   0.15205   0.18101   0.05436   0.03657   0.16939   0.22488   0.21327   0.17655   0.17617   0.21444   0.30627   1.06329   0.77748   0.88548   1.09882   1.19475   0.12998   0.02797   1.98603  
  3 3734.3525  14890.665669  x:  0.59183   0.22178   0.16858   0.01685   0.00000   0.55947   0.01321   0.02125   0.03789   0.09504   0.15098   0.19409   0.04744   0.03087   0.17651   0.24810   0.24047   0.18830   0.18671   0.23963   0.33689   1.09949   0.77324   0.88690   1.10003   1.19968   0.12581   0.07826   1.98573  
  4 1650.7797  14865.747576  x:  0.62243   0.23313   0.17044   0.00741   0.03610   0.61006   0.01845   0.02932   0.04101   0.08511   0.14831   0.19954   0.04249   0.02766   0.17884   0.26104   0.25755   0.19326   0.19092   0.25703   0.35985   1.13087   0.76941   0.88823   1.10110   1.20410   0.12196   0.10612   1.98551  
  5 3229.4849  14790.825861  x:  0.71764   0.23230   0.11493   0.01950   0.02430   0.74332   0.03038   0.02065   0.11442   0.03593   0.13105   0.17389   0.03306   0.02018   0.16089   0.24951   0.26471   0.17204   0.16979   0.28389   0.41095   1.23675   0.75558   0.89355   1.10474   1.21791   0.10945   0.11429   1.98509  
  6 1333.9231  14770.441850  x:  0.75472   0.22643   0.10623   0.01308   0.01480   0.78672   0.04025   0.03232   0.12251   0.03328   0.12764   0.16232   0.05415   0.05326   0.15350   0.24164   0.26090   0.16080   0.15873   0.28610   0.42458   1.28155   0.74927   0.89634   1.10618   1.22295   0.10459   0.11418   1.98510  
  7 1515.7353  14737.053475  x:  0.80718   0.20746   0.12327   0.01672   0.00000   0.83027   0.06218   0.04379   0.10318   0.06665   0.13146   0.14645   0.05048   0.04638   0.14556   0.22542   0.24274   0.14357   0.14197   0.27226   0.43089   1.35186   0.73854   0.90191   1.10822   1.22860   0.09845   0.11075   1.98550  
  8 856.4766  14712.610430  x:  0.85759   0.17965   0.11545   0.02740   0.00000   0.84350   0.04058   0.01524   0.06920   0.06174   0.13261   0.15284   0.05916   0.04823   0.14764   0.20492   0.21559   0.14746   0.14564   0.23562   0.41862   1.42958   0.72545   0.91018   1.11024   1.23112   0.09430   0.11266   1.98640  
  9 554.7413  14704.089652  x:  0.88399   0.16777   0.10912   0.03142   0.00000   0.84198   0.02718   0.03271   0.05913   0.05114   0.13272   0.16056   0.05727   0.04477   0.15105   0.19942   0.20459   0.15540   0.15304   0.21263   0.40868   1.47271   0.71783   0.91564   1.11126   1.23262   0.09176   0.10402   1.98690  
 10 831.4322  14692.893406  x:  0.93740   0.16138   0.12179   0.02558   0.00000   0.81978   0.04665   0.03245   0.06893   0.04256   0.13189   0.17366   0.04827   0.04919   0.15670   0.21344   0.20220   0.17287   0.16847   0.16636   0.38601   1.56588   0.70068   0.93014   1.11297   1.23533   0.08659   0.10898   1.98780  
 11 446.8844  14686.623974  x:  0.96233   0.17163   0.12779   0.02181   0.00000   0.78009   0.03060   0.03109   0.08932   0.04841   0.13066   0.16830   0.05406   0.04715   0.15307   0.22826   0.21542   0.16997   0.16498   0.15587   0.37709   1.61810   0.69018   0.94273   1.11321   1.23526   0.08530   0.10929   1.98790  
 12 321.5099  14680.889033  x:  0.99229   0.18563   0.11612   0.02416   0.00000   0.72566   0.03700   0.03143   0.07223   0.04181   0.12995   0.16441   0.05567   0.04316   0.15229   0.23471   0.23450   0.16111   0.15635   0.17414   0.38336   1.68526   0.67664   0.96339   1.11273   1.23380   0.08543   0.10740   1.98747  
 13 275.1067  14679.940441  x:  0.99369   0.18288   0.11821   0.02359   0.00000   0.71423   0.03516   0.03101   0.07552   0.04332   0.13031   0.16649   0.04742   0.04917   0.15496   0.22884   0.23294   0.16312   0.15839   0.18525   0.38860   1.69812   0.67406   0.97195   1.11180   1.23249   0.08629   0.10729   1.98712  
 14 108.4706  14679.459821  x:  0.99176   0.17871   0.12111   0.02278   0.00000   0.70983   0.03616   0.03150   0.07899   0.04407   0.13052   0.16900   0.05302   0.04563   0.15626   0.22492   0.22995   0.16638   0.16157   0.19281   0.39231   1.70691   0.67237   0.98119   1.11060   1.23077   0.08739   0.10801   1.98675  
 15 84.5744  14678.232577  x:  0.96155   0.16948   0.12192   0.02273   0.00000   0.71537   0.03577   0.03126   0.07778   0.04158   0.13115   0.16605   0.05189   0.04613   0.14593   0.23732   0.22753   0.16837   0.16336   0.19963   0.39207   1.73281   0.66763   1.03849   1.10258   1.21651   0.09646   0.10596   1.98495  
 16 41.5984  14677.009434  x:  0.93019   0.17201   0.11969   0.02234   0.00000   0.72527   0.03606   0.03150   0.07911   0.04320   0.13150   0.16945   0.05210   0.04593   0.15893   0.23309   0.23560   0.16342   0.15859   0.19796   0.38712   1.75797   0.66340   1.10272   1.09491   1.20110   0.10538   0.10518   1.98300  
 17 136.9581  14676.731311  x:  0.92729   0.17720   0.12124   0.02236   0.00000   0.72715   0.03616   0.03146   0.07826   0.04290   0.12943   0.16653   0.05198   0.04590   0.15545   0.22598   0.23936   0.16621   0.16149   0.19620   0.38615   1.76054   0.66337   1.11830   1.09506   1.19805   0.10631   0.10464   1.98248  
 18 50.4416  14675.732136  x:  0.94925   0.19086   0.11637   0.02225   0.00000   0.72702   0.03671   0.03163   0.07955   0.04714   0.14129   0.17616   0.05196   0.04615   0.14731   0.22319   0.23048   0.16692   0.16123   0.19133   0.39042   1.74625   0.67015   1.17920   1.11184   1.19229   0.09975   0.10587   1.97981  
 19 25.0641  14673.986768  x:  0.99088   0.20227   0.12451   0.02221   0.00000   0.72470   0.03584   0.03141   0.07764   0.04040   0.12962   0.17009   0.05195   0.04575   0.15671   0.22867   0.21180   0.16453   0.15900   0.18634   0.39840   1.71769   0.68392   1.27964   1.14781   1.18262   0.08677   0.10522   1.97493  
 20 138.6753  14673.284803  x:  1.00273   0.19438   0.11593   0.02266   0.00000   0.72509   0.03649   0.03152   0.07723   0.04888   0.12676   0.16341   0.05217   0.04594   0.16202   0.23175   0.21760   0.16947   0.16470   0.18661   0.39752   1.71061   0.69021   1.30849   1.17005   1.17912   0.08015   0.10613   1.97275  
 21 59.8168  14670.149037  x:  1.03650   0.13939   0.12408   0.02161   0.00000   0.72893   0.03591   0.03113   0.07687   0.04268   0.13187   0.16780   0.05176   0.04526   0.15789   0.22653   0.27029   0.16337   0.16134   0.19144   0.38480   1.69252   0.72135   1.40441   1.28987   1.16193   0.04906   0.10529   1.96228  
 22 93.2345  14662.696499  x:  1.01051   0.15668   0.12175   0.02041   0.00000   0.74674   0.03550   0.03044   0.07359   0.05198   0.10867   0.18616   0.05070   0.04404   0.15100   0.22857   0.26143   0.19455   0.12546   0.19160   0.39842   1.73724   0.80709   1.50699   1.60107   1.11694  -0.02542   0.10256   1.93341  
 23 61.3853  14648.729914  x:  0.94958   0.21246   0.13207   0.01870   0.00000   0.78302   0.03409   0.02869   0.06914   0.03735   0.15590   0.15565   0.05095   0.04148   0.16988   0.23373   0.22370   0.18234   0.15323   0.19252   0.42657   1.83477   0.97606   1.69079   2.20878   1.02335  -0.16894   0.10163   1.87557  
 24 645.6330  14645.838763  x:  0.94226   0.22445   0.12949   0.01793   0.00000   0.79158   0.03424   0.02867   0.06861   0.04461   0.13919   0.17042   0.05044   0.04110   0.16413   0.23586   0.21519   0.15326   0.18035   0.19633   0.42599   1.85278   1.00373   1.71983   2.31445   0.99771  -0.18880   0.10003   1.86447  
 25 257.4906  14639.683130  x:  0.98796   0.24788   0.13203   0.01552   0.00000   0.82195   0.03565   0.02967   0.07191   0.04740   0.14637   0.17116   0.05108   0.04049   0.16864   0.23907   0.19616   0.16030   0.18100   0.24354   0.36281   1.86540   0.99380   1.71088   2.38711   0.84897  -0.13428   0.09437   1.84085  
 26 32.2687  14628.786378  x:  1.03968   0.23014   0.13392   0.01193   0.00000   0.83716   0.03688   0.03038   0.07320   0.05372   0.15164   0.17436   0.05156   0.03887   0.17240   0.24286   0.22154   0.16296   0.18364   0.18560   0.47833   1.87428   0.93656   1.66118   2.35937   0.64491  -0.08265   0.08464   1.78933  
 27 49.7759  14558.251451  x:  1.21532   0.19599   0.15185   0.00138   0.00000   0.98667   0.03175   0.02303   0.05014   0.06237   0.15158   0.18889   0.04677   0.02831   0.17673   0.26335   0.28579   0.18735   0.17416   0.23485   0.48857   1.97351   0.65240   1.38837   1.56975   0.37192  -0.57015   0.06852   1.46697  
 28 59.3450  14554.602002  x:  1.23914   0.18721   0.15267   0.00093   0.00000   0.99054   0.03175   0.02292   0.04925   0.06382   0.15208   0.19051   0.04682   0.02773   0.17723   0.26536   0.29612   0.19037   0.17261   0.23563   0.49063   2.00038   0.78559   1.36862   1.48100   0.34939  -0.56814   0.06670   1.44904  
 29 40.5972  14554.562811  x:  1.23926   0.18717   0.15268   0.00093   0.00143   0.99058   0.03175   0.02292   0.04924   0.06383   0.15209   0.19052   0.04682   0.02773   0.17723   0.26537   0.29617   0.19039   0.17260   0.23564   0.49064   2.00050   0.78608   1.36851   1.48057   0.34940  -0.56804   0.06669   1.44895  
 30 46.3151  14511.317609  x:  1.36265   0.16829   0.16587   0.01290   0.00000   1.07934   0.02848   0.02030   0.03100   0.07252   0.15651   0.20344   0.04663   0.02553   0.18476   0.28255   0.33881   0.20776   0.17220   0.25197   0.49713   2.08164   0.77262   1.23726   1.06393   0.68765  -0.20457   0.06451   1.36124  
 31  6.9941  14466.475578  x:  1.52134   0.17847   0.19938   0.01883   0.00057   1.29473   0.02588   0.02268   0.08002   0.08843   0.17419   0.23515   0.05160   0.03483   0.20590   0.33410   0.41881   0.23248   0.19770   0.33856   0.62103   2.29833   0.78973   1.25815   0.98060   0.62621  -0.24080   0.07471   6.47668  
 32  8.5560  14446.611381  x:  1.60440   0.19738   0.21485   0.01891   0.00134   1.38461   0.02755   0.02264   0.09494   0.09305   0.18370   0.25115   0.05428   0.03960   0.21826   0.35618   0.43994   0.24089   0.21681   0.34228   0.62109   2.39092   0.81728   1.38264   1.30362   2.02423   1.33848   0.07942   7.23365  
 33 14.8220  14419.314856  x:  1.80272   0.22318   0.24603   0.02341   0.00019   1.53441   0.03895   0.02454   0.09154   0.09287   0.19501   0.27964   0.06229   0.05139   0.23860   0.39654   0.48689   0.25858   0.24789   0.34931   0.68395   2.53835   0.77527   1.52903   1.73690   0.70917   0.40569   0.08560   4.98955  
 34  2.8991  14402.954544  x:  2.00422   0.21730   0.27114   0.02478   0.00020   1.67817   0.04270   0.02918   0.08982   0.07949   0.18734   0.29550   0.06607   0.05689   0.24619   0.42806   0.55028   0.27080   0.25622   0.33067   0.72062   2.61766   0.56655   1.50182   1.35144   0.52633   0.32802   0.06803   2.83393  
 35  1.4066  14401.032307  x:  2.01504   0.21572   0.27256   0.02529   0.00000   1.68730   0.04273   0.02880   0.08707   0.07735   0.18644   0.29553   0.06626   0.05667   0.24603   0.42982   0.55561   0.27079   0.25600   0.32982   0.72186   2.62413   0.57989   1.50942   1.32733   0.55567   0.33825   0.06692   2.92875  
 36  0.5176  14396.127684  x:  2.11792   0.20459   0.28544   0.02940   0.00000   1.76629   0.04216   0.02481   0.06963   0.06080   0.18337   0.29843   0.06846   0.05556   0.24698   0.44502   0.59913   0.27381   0.25569   0.32125   0.72200   2.67082   0.61515   1.53620   1.17645   0.50622   0.19398   0.06586   2.75597  
 37  0.3140  14395.224871  x:  2.13674   0.20190   0.28773   0.03120   0.00000   1.78696   0.04044   0.02473   0.06652   0.05718   0.18533   0.29784   0.06850   0.05362   0.24701   0.44720   0.60962   0.27361   0.25502   0.32269   0.71354   2.68478   0.63966   1.54674   1.23324   0.66050   0.35475   0.06735   3.31456  
 38  0.6095  14394.269204  x:  2.19088   0.19483   0.29228   0.03448   0.00000   1.82867   0.03806   0.02653   0.06669   0.04949   0.18779   0.29702   0.06805   0.05150   0.24697   0.45037   0.63019   0.27324   0.25410   0.31777   0.69513   2.70578   0.68415   1.57030   1.36872   0.51047   0.23769   0.06599   2.92982  
 39  0.3222  14394.268181  x:  2.19119   0.19479   0.29231   0.03450   0.00033   1.82891   0.03805   0.02654   0.06669   0.04945   0.18780   0.29702   0.06805   0.05149   0.24697   0.45039   0.63031   0.27323   0.25410   0.31775   0.69502   2.70590   0.68440   1.57043   1.36949   0.50962   0.23702   0.06598   2.92761  
 40 49.0197  14393.787415  x:  2.21678   0.18847   0.29395   0.03556   0.00000   1.84633   0.03846   0.02679   0.06756   0.04688   0.18814   0.29688   0.06777   0.05133   0.24677   0.45100   0.64049   0.27439   0.25238   0.31349   0.68538   2.70487   0.67261   1.54875   1.33124   0.55155   0.28419   0.06655   2.80306  
 41  0.2861  14393.108314  x:  2.27073   0.16791   0.29543   0.03898   0.00000   1.88327   0.04110   0.02646   0.06656   0.04199   0.18794   0.29453   0.06632   0.05154   0.24501   0.44819   0.66376   0.27622   0.24671   0.30328   0.66106   2.69057   0.62182   1.48604   1.22972   0.57269   0.28674   0.06648   2.66346  
 42  0.1904  14392.839304  x:  2.27852   0.15609   0.29079   0.04126   0.00000   1.87953   0.03979   0.02510   0.06806   0.04754   0.18841   0.29313   0.06638   0.05312   0.24506   0.44111   0.66528   0.27705   0.24593   0.30018   0.65288   2.67494   0.62878   1.47651   1.25369   0.52718   0.25594   0.06739   2.61602  
 43  0.0305  14392.594106  x:  2.27802   0.14824   0.28534   0.04358   0.00000   1.86679   0.04073   0.02590   0.06487   0.05511   0.18656   0.29306   0.06751   0.05422   0.24586   0.43629   0.66236   0.27727   0.24759   0.29955   0.66100   2.66322   0.62942   1.48508   1.23866   0.52593   0.25336   0.06509   2.70348  
 44  0.0373  14392.441388  x:  2.28975   0.14622   0.28377   0.04632   0.00000   1.86427   0.04096   0.02609   0.06313   0.05690   0.18650   0.29440   0.06839   0.05365   0.24700   0.43739   0.66374   0.27764   0.24928   0.29911   0.66293   2.66330   0.63892   1.49648   1.25053   0.55684   0.27212   0.06725   2.61419  
 45  0.0442  14392.285514  x:  2.29764   0.15058   0.28346   0.04997   0.00000   1.85958   0.03935   0.02599   0.06224   0.05451   0.18663   0.29494   0.06759   0.05178   0.24678   0.44133   0.66343   0.27625   0.24937   0.30222   0.66577   2.67304   0.63465   1.48898   1.25988   0.57572   0.29961   0.06594   2.67646  
 46  0.0251  14392.202433  x:  2.28013   0.15811   0.28331   0.05121   0.00000   1.84078   0.04085   0.02565   0.06251   0.05397   0.18662   0.29489   0.06681   0.05215   0.24641   0.44277   0.65523   0.27572   0.24898   0.30578   0.67197   2.67120   0.62605   1.48087   1.23522   0.55815   0.28096   0.06680   2.72723  
 47  0.0367  14392.173397  x:  2.27130   0.16256   0.28530   0.05189   0.00000   1.83518   0.04061   0.02565   0.06179   0.05122   0.18659   0.29378   0.06677   0.05275   0.24594   0.44319   0.65271   0.27543   0.24818   0.30453   0.66956   2.67092   0.63138   1.48720   1.23870   0.53938   0.26203   0.06640   2.66524  
 48  0.0303  14392.157985  x:  2.26002   0.16478   0.28681   0.05217   0.00000   1.83127   0.04059   0.02577   0.06178   0.05043   0.18678   0.29294   0.06712   0.05312   0.24587   0.44217   0.65036   0.27568   0.24782   0.30329   0.66638   2.66677   0.63139   1.48983   1.24194   0.55984   0.28057   0.06669   2.69802  
 49  0.0220  14392.152511  x:  2.25396   0.16565   0.28798   0.05231   0.00000   1.83244   0.04060   0.02568   0.06190   0.05096   0.18682   0.29352   0.06743   0.05297   0.24641   0.44196   0.64954   0.27622   0.24864   0.30317   0.66634   2.66611   0.62893   1.48944   1.24108   0.55610   0.27852   0.06668   2.67520  
 50  0.0085  14392.150146  x:  2.25105   0.16590   0.28872   0.05243   0.00000   1.83532   0.04059   0.02571   0.06167   0.05087   0.18684   0.29388   0.06734   0.05272   0.24659   0.44222   0.64992   0.27628   0.24895   0.30359   0.66626   2.66671   0.63029   1.48848   1.24026   0.55367   0.27690   0.06668   2.68975  
 51  0.0080  14392.149147  x:  2.24770   0.16554   0.28853   0.05248   0.00000   1.83648   0.04062   0.02574   0.06180   0.05095   0.18675   0.29381   0.06707   0.05281   0.24643   0.44205   0.64973   0.27595   0.24881   0.30380   0.66575   2.66490   0.63039   1.48674   1.23911   0.55519   0.27828   0.06666   2.68498  
 52  0.0024  14392.148720  x:  2.24541   0.16571   0.28828   0.05249   0.00000   1.83702   0.04059   0.02568   0.06166   0.05096   0.18670   0.29378   0.06710   0.05284   0.24637   0.44215   0.64937   0.27575   0.24882   0.30412   0.66620   2.66461   0.63056   1.48807   1.24092   0.55545   0.27752   0.06671   2.68892  
 53  0.0025  14392.148562  x:  2.24501   0.16584   0.28819   0.05248   0.00000   1.83787   0.04060   0.02571   0.06168   0.05088   0.18675   0.29373   0.06721   0.05283   0.24639   0.44227   0.64941   0.27580   0.24877   0.30417   0.66635   2.66505   0.63025   1.48818   1.24011   0.55540   0.27832   0.06669   2.68979  
 54  0.0009  14392.148529  x:  2.24497   0.16585   0.28808   0.05251   0.00000   1.83806   0.04059   0.02572   0.06171   0.05090   0.18678   0.29370   0.06722   0.05282   0.24640   0.44221   0.64935   0.27587   0.24875   0.30410   0.66632   2.66528   0.63029   1.48824   1.24021   0.55501   0.27765   0.06669   2.68960  
 55  0.0004  14392.148520  x:  2.24488   0.16598   0.28805   0.05250   0.00000   1.83808   0.04060   0.02571   0.06170   0.05092   0.18678   0.29370   0.06720   0.05283   0.24641   0.44220   0.64923   0.27590   0.24877   0.30408   0.66636   2.66554   0.63033   1.48838   1.24025   0.55534   0.27805   0.06669   2.68996  
 56  0.0004  14392.148517  x:  2.24488   0.16604   0.28805   0.05250   0.00000   1.83811   0.04060   0.02571   0.06170   0.05092   0.18678   0.29370   0.06719   0.05283   0.24640   0.44218   0.64918   0.27589   0.24877   0.30406   0.66632   2.66556   0.63028   1.48839   1.24025   0.55523   0.27793   0.06669   2.68965  
 57  0.0002  14392.148517  x:  2.24489   0.16607   0.28804   0.05250   0.00000   1.83809   0.04060   0.02571   0.06170   0.05094   0.18678   0.29370   0.06720   0.05282   0.24640   0.44218   0.64912   0.27588   0.24877   0.30407   0.66633   2.66555   0.63029   1.48840   1.24021   0.55526   0.27795   0.06669   2.68969  
 58  0.0000  14392.148516  x:  2.24493   0.16608   0.28805   0.05250   0.00000   1.83812   0.04060   0.02571   0.06170   0.05093   0.18678   0.29370   0.06720   0.05282   0.24640   0.44218   0.64910   0.27587   0.24877   0.30407   0.66632   2.66556   0.63029   1.48840   1.24023   0.55526   0.27795   0.06669   2.68969  
 59  0.0000  14392.148516  x:  2.24493   0.16608   0.28805   0.05250   0.00000   1.83813   0.04060   0.02571   0.06170   0.05093   0.18678   0.29370   0.06720   0.05283   0.24640   0.44218   0.64909   0.27588   0.24877   0.30407   0.66633   2.66555   0.63029   1.48839   1.24024   0.55525   0.27795   0.06669   2.68971  
 60  0.0000  14392.148516  x:  2.24494   0.16608   0.28805   0.05250   0.00000   1.83813   0.04060   0.02571   0.06170   0.05093   0.18678   0.29370   0.06720   0.05283   0.24640   0.44218   0.64909   0.27588   0.24877   0.30407   0.66633   2.66555   0.63029   1.48839   1.24023   0.55526   0.27795   0.06669   2.68971  
 61  0.0000  14392.148516  x:  2.24494   0.16608   0.28805   0.05250   0.00000   1.83813   0.04060   0.02571   0.06170   0.05093   0.18678   0.29370   0.06720   0.05283   0.24640   0.44218   0.64909   0.27588   0.24877   0.30407   0.66633   2.66555   0.63029   1.48839   1.24023   0.55526   0.27795   0.06669   2.68971  
 62  0.0000  14392.148516  x:  2.24494   0.16608   0.28805   0.05250   0.00000   1.83813   0.04060   0.02571   0.06170   0.05093   0.18678   0.29370   0.06720   0.05283   0.24640   0.44218   0.64909   0.27588   0.24877   0.30407   0.66633   2.66555   0.63029   1.48839   1.24023   0.55526   0.27795   0.06669   2.68970  